0.000000000000000000e+00
0.000000000000000000e+00
0.000000000000000000e+00
0.000000000000000000e+00
0.000000000000000000e+00
0.000000000000000000e+00
0.000000000000000000e+00
0.000000000000000000e+00
0.000000000000000000e+00
0.000000000000000000e+00
0.000000000000000000e+00
0.000000000000000000e+00
0.000000000000000000e+00
0.000000000000000000e+00
0.000000000000000000e+00
0.000000000000000000e+00
0.000000000000000000e+00
0.000000000000000000e+00
0.000000000000000000e+00
0.000000000000000000e+00
0.000000000000000000e+00
0.000000000000000000e+00
0.000000000000000000e+00
0.000000000000000000e+00
0.000000000000000000e+00
0.000000000000000000e+00
0.000000000000000000e+00
0.000000000000000000e+00
1.071415302292295882e-86
2.823138856440349176e-32
2.558340777582461602e-25
4.483635285438163297e-21
1.426119190705010737e-18
5.408986809460923240e-17
7.947715270626864927e-16
8.655786264936826505e-15
5.272591685813854666e-14
2.117277171397125910e-13
6.365433960602024325e-13
1.540730992918738624e-12
3.124326370226514567e-12
7.261130644902199129e-12
1.454826433938739768e-11
2.787739932964578110e-11
4.980820595372834895e-11
8.367502940038427266e-11
1.359913055249843000e-10
2.212847588753260179e-10
3.711081527067787791e-10
6.263993283941429311e-10
1.008588093889878765e-09
9.601887711353251097e-10
1.329018228972114147e-09
1.820682592093893696e-09
2.440056977861268420e-09
3.148946510958777947e-09
3.857958049737480566e-09
