# wavelength_nm  extinction_cm2_per_g
# acid ferric sulfate (H3O)Fe(SO4)2, Figure S9, Jiang et al. 2024 supplementary material
# extracted from the vector paths of the published figure
  199.6784     62.51618
  200.8361     60.96894
  201.6079     60.66205
  202.3726     60.34238
  205.0596     62.82308
  210.0549     74.58721
  211.2055     76.13445
  213.4994     77.68169
  215.0359     76.74823
  215.4147     77.06791
  216.9511     76.13445
  218.8663     75.82756
  219.2451     75.52067
  219.6310     75.82756
  220.3957     75.52067
  221.9250     77.06791
  226.1270     83.56376
  228.8069     85.41789
  229.9503     85.11100
  231.8584     83.25687
  232.6159     81.38996
  233.7665     78.92204
  236.4321     74.89410
  239.0976     75.20100
  241.3773     79.22893
  242.8995     83.56376
  243.2854     84.48443
  244.4217     88.51237
  247.8448     99.03616
  248.2235     99.64994
  248.9810    101.50407
  250.1173    103.98477
  251.2607    105.83890
  251.6395    105.83890
  256.5705    114.20167
  258.4642    119.15028
  261.1155    127.19337
  262.6305    131.22131
  263.3881    133.70201
  264.1384    135.24925
  269.8126    144.83958
  270.1914    145.77303
  270.5630    146.07992
  272.8284    151.96199
  273.9575    155.97714
  274.3363    156.91060
  275.8441    163.71334
  276.6017    168.04817
  282.6260    208.28920
  289.0148    262.13570
  290.8943    280.39569
  295.3965    330.22704
  299.5128    383.45977
  302.1355    420.59353
  304.3795    456.18004
  307.7454    514.36138
  311.4829    579.66513
  315.2062    638.77992
  317.8146    675.60679
  319.6798    697.89471
  321.5379    716.46159
  322.6527    725.43814
  323.7747    733.17434
  325.6327    741.84400
  326.7475    744.93848
  327.4908    746.48572
  328.2340    746.79261
  328.9772    746.48572
  329.7204    744.93848
  330.8281    741.84400
  331.9429    737.81606
  333.0578    731.62710
  335.2803    715.84781
  337.1312    699.44195
  340.0969    665.70957
  345.2709    598.55169
  349.3300    543.14515
  355.2329    466.39694
  359.2848    420.90042
  362.2291    390.26251
  366.2668    354.35632
  372.1340    311.03360
  373.9634    299.26946
  375.4284    290.61259
  378.3584    274.20673
  379.8234    267.39120
  381.6457    259.04122
  384.9331    245.72985
  386.7554    238.92711
  387.8559    234.89917
  390.7716    225.61573
  391.5006    223.45470
  392.5939    220.34744
  394.7736    214.47816
  396.2314    210.14333
  396.9532    207.96952
  398.0466    204.87504
  399.4973    201.16678
  400.2262    200.23332
  402.4059    194.97782
  403.8566    192.19023
  404.9428    189.72232
  412.1892    177.02472
  414.7190    170.83576
  416.8915    167.43439
  417.6133    166.50094
  418.6924    164.95369
  422.6658    161.24543
  423.3875    160.31198
  427.7111    156.28404
  437.7731    139.26440
  439.2024    138.34372
  440.2815    138.02405
  444.5764    134.62268
  446.7275    134.31579
  448.8714    132.15477
  451.0153    128.74061
  454.5813    125.33924
  457.4327    120.69752
  460.9987    117.90993
  462.0635    117.60304
  465.2580    115.12234
  468.4595    114.81545
  471.6539    111.72097
  472.7116    110.17373
  473.7764    109.55995
  474.4839    109.25306
  480.8513    103.98477
  482.6236    103.67788
  484.3887    101.82375
  485.0891    100.89029
  485.7965    100.58340
  486.8542    100.27651
  489.6699     98.10270
  491.4350     97.79581
  496.3588     93.15409
  497.4165     91.60685
  503.7267     86.35135
  513.8745     86.03167
  519.7988     81.08306
  522.5859     80.77617
  524.6727     79.22893
  530.5755     78.92204
  533.0053     77.06791
  542.0025     76.74823
  562.6412     58.48825
  575.9620     58.18135
  583.7872     51.37862
  586.1598     51.68551
  593.9564     58.48825
  594.9712     58.18135
  605.0904     49.20481
  613.1515     48.89792
  623.1921     39.92137
  627.8658     40.22826
  630.1956     42.09518
  637.8421     41.78828
  640.1647     39.92137
  647.4468     39.61448
  657.3302     30.63793
  666.8491     30.94482
  668.4857     32.18517
  676.6468     31.87828
  678.2761     30.63793
  690.2891     30.33104
  699.9796     21.35449
  704.4889     21.04760
  709.9487     16.09899
  714.1079     16.40588
  717.9455     19.80725
  719.5463     19.50036
  720.8183     18.56690
  722.7335     18.26001
  727.5073     13.92518
  730.3658     13.61829
  732.2668     12.07105
  738.5984     11.76416
  748.0530      2.78761
  751.8192      3.09450
  761.2095     12.07105
  762.4601     11.76416
  771.7932      2.78761
  784.1635      3.09450
  785.0854      3.70828
  793.3823      3.40139
  794.3042      2.78761
  800.1141      2.78761
