# wavelength_nm  extinction_cm2_per_g
# rhomboclase (H5O2)Fe(SO4)2.3H2O, Figure S10, Jiang et al. 2024 supplementary material
# extracted from the vector paths of the published figure
  199.6777    231.46187
  200.8354    225.87100
  201.2169    223.28891
  202.7562    218.12471
  203.5258    213.82122
  204.2954    211.67315
  204.6770    211.23912
  205.0651    210.37842
  205.8281    210.37842
  206.5977    208.23036
  206.9793    206.93563
  207.7489    206.93563
  208.9000    208.23036
  209.6697    209.51773
  210.4327    209.51773
  212.7350    216.83734
  213.5046    218.12471
  213.8862    218.12471
  214.2677    218.98541
  214.6492    220.70681
  215.0373    221.14084
  215.8004    219.84611
  216.1819    220.28014
  216.5700    219.84611
  217.3330    217.69804
  218.4842    214.68192
  221.1614    203.06616
  221.9245    201.34477
  223.8387    193.17181
  224.9833    191.01638
  225.3648    191.01638
  226.1278    189.72901
  226.5094    189.72901
  226.8975    191.01638
  227.6605    191.01638
  228.0420    191.45041
  228.8051    192.73778
  229.1866    193.17181
  231.0942    199.19670
  231.8573    200.48407
  232.6203    201.34477
  233.0019    200.91809
  233.3834    200.05740
  233.7649    200.05740
  234.1464    200.91809
  234.9095    200.05740
  235.2844    200.05740
  235.6660    199.62337
  236.8105    197.47530
  237.1920    197.47530
  237.9551    195.31988
  239.0931    191.87708
  239.8561    190.58971
  241.3822    190.58971
  241.7638    191.01638
  242.1453    191.01638
  242.9018    193.17181
  244.0463    195.31988
  244.4213    195.75390
  245.1843    197.04127
  245.5659    197.47530
  246.3223    200.91809
  247.8418    206.93563
  250.1178    212.09982
  250.4994    212.09982
  251.2624    212.96052
  251.6439    212.96052
  252.7819    215.11595
  253.1569    215.54262
  253.5384    216.40332
  253.9133    215.54262
  254.6764    215.54262
  255.8144    216.83734
  256.1893    216.83734
  256.9458    215.97664
  257.3273    214.68192
  258.8403    212.96052
  259.6033    211.67315
  259.9783    211.23912
  260.7347    208.23036
  261.1163    207.36966
  261.8727    204.78756
  262.6292    203.49283
  263.0107    203.49283
  263.7606    202.63949
  264.1421    202.63949
  264.8986    200.91809
  265.2736    200.91809
  265.6551    200.48407
  266.4116    201.34477
  266.7865    201.34477
  267.1680    202.20547
  267.9179    207.36966
  269.4309    219.41944
  270.5623    228.01907
  271.3187    234.47063
  272.8317    253.83268
  273.9631    268.89123
  275.4695    283.52310
  276.9758    292.98343
  278.1072    297.72095
  278.4822    298.58165
  278.8637    298.14762
  279.2387    296.86026
  279.9951    292.98343
  280.3635    291.69606
  282.6263    278.35891
  286.0074    252.54531
  286.7639    248.66848
  287.1389    248.24181
  287.5138    248.24181
  289.3951    243.93832
  289.7635    243.93832
  290.1450    244.36499
  290.8949    246.52041
  293.1446    249.10251
  293.5195    249.10251
  295.0193    252.54531
  296.5191    250.82391
  297.2690    249.52918
  297.6439    249.10251
  298.3938    246.94709
  299.5187    243.50429
  299.8936    243.07762
  300.6435    241.79025
  301.3868    240.92955
  301.7618    240.06885
  302.5117    240.06885
  302.5117    240.06886
  303.2616    240.92956
  304.3799    243.93832
  305.1298    246.09375
  306.2480    249.10251
  307.7478    253.83268
  308.1162    254.26671
  308.4911    254.26671
  308.8661    253.83268
  309.2410    254.26671
  310.7342    254.26671
  311.1092    254.69338
  311.4775    254.69338
  311.8525    254.26671
  312.6024    252.11128
  312.9707    251.68461
  314.8389    247.81515
  315.5822    247.81515
  317.0754    250.82391
  317.8187    250.82391
  318.5620    252.11128
  318.9370    251.68461
  319.3054    252.11128
  320.0552    254.69338
  320.4236    255.12741
  321.5419    258.13617
  321.9102    259.85757
  322.2852    260.28424
  323.7718    265.02176
  324.5151    265.88246
  325.6334    268.03053
  326.3767    268.03053
  327.1200    266.30913
  327.8633    263.72704
  328.6067    263.72704
  328.9750    264.16106
  329.7183    264.16106
  330.4617    265.44844
  331.2050    265.44844
  332.3167    268.46456
  333.7967    274.05542
  337.1318    296.42623
  337.8751    301.59042
  341.5785    332.99489
  342.6836    344.61065
  344.9004    368.27618
  347.4855    393.66312
  351.5507    430.23178
  353.3926    441.84753
  354.8661    447.86507
  355.6028    450.02049
  356.7079    452.16856
  357.4446    453.02926
  357.8130    453.02926
  358.1814    453.46329
  358.5497    453.46329
  358.9181    453.88996
  359.2865    453.46329
  359.6483    453.46329
  360.0166    453.02926
  360.7534    451.74189
  361.1217    451.30786
  361.4901    451.30786
  362.9636    448.29910
  363.3320    447.86507
  365.5290    443.13490
  365.8974    442.70823
  368.4694    437.11001
  368.8377    436.68334
  369.9363    434.53527
  370.3046    434.10125
  371.0348    431.95318
  381.2833    408.28764
  381.6517    407.85361
  383.8422    403.12345
  384.2040    402.69678
  386.0327    398.81995
  386.3944    398.39328
  387.8548    395.37716
  388.5849    394.51646
  388.9467    393.22909
  389.6769    392.36839
  390.7688    390.22032
  391.1372    389.78630
  392.5909    386.77753
  392.9593    386.34350
  394.4130    383.33473
  394.7748    382.90806
  395.8668    380.75264
  396.9587    379.46527
  397.6823    378.17054
  398.4125    377.30984
  399.5044    374.72775
  399.8662    374.72775
  401.3199    373.00635
  402.4053    370.85828
  402.7737    370.85828
  403.4973    369.56355
  405.3128    367.41549
  406.0364    366.12812
  407.8453    363.97269
  408.2071    363.97269
  409.6609    360.96392
  410.3844    360.96392
  413.2788    357.52113
  414.0023    356.22640
  415.4429    354.50501
  415.8047    354.50501
  416.1731    354.07833
  416.5283    354.07833
  419.0608    351.06957
  420.5014    351.06957
  422.6656    346.33204
  424.1062    344.61065
  426.2703    344.61065
  426.9873    343.32328
  431.3091    338.15909
  433.1049    338.15909
  434.9007    336.01102
  437.0517    331.27350
  440.2815    331.27350
  443.8665    326.97000
  447.4449    326.97000
  448.5171    325.68263
  451.3720    319.23107
  459.2196    309.76338
  468.8169    309.76338
  474.1319    303.31182
  474.1320    303.31185
  475.9015    303.31185
  479.4404    299.00836
  484.0319    299.00836
  484.7423    298.14766
  486.1500    295.13889
  486.5052    294.70487
  488.6167    294.70487
  494.6027    287.39261
  496.3591    287.39261
  499.1679    283.94981
  502.6805    283.94981
  513.1790    271.04669
  519.1058    271.04669
  529.5385    258.13621
  535.0838    258.13621
  545.4573    245.23308
  549.2462    245.23308
  559.5540    232.32260
  562.9811    232.32260
  573.2362    219.41212
  580.3931    219.41212
  590.5758    206.50899
  594.6345    206.50899
  604.7514    193.59851
  606.0999    193.59851
  616.1709    180.69539
  618.5192    183.70416
  626.2023    183.70416
  628.5375    180.69539
  630.5307    180.69539
  640.4963    167.78491
  643.4762    167.78491
  653.3827    154.88178
  655.3626    154.88178
  665.2165    141.97130
  666.5255    141.97130
  676.3267    129.06818
  680.2341    129.06818
  680.5564    128.63415
  689.9695    128.63415
  690.2918    129.06818
  691.5877    129.06818
  701.2705    116.15770
  702.8821    116.15770
  712.5124    103.25457
  713.4727    103.25457
  723.0569     90.34409
  726.5564     90.34409
  735.1210     78.72834
  736.3839     75.71957
  737.3377     74.42485
  744.5933     74.42485
  746.7969     77.44097
  750.2570     77.44097
  759.6503     64.53049
  762.1500     64.53049
  762.4592     64.10382
  764.3339     64.10382
  764.6431     63.66979
  764.9588     63.66979
  771.4842     54.63613
  771.7933     54.63613
  773.6549     52.05403
  773.9707     52.05403
  774.2798     51.62736
  776.4440     51.62736
  785.7058     38.71688
  786.9425     38.71688
  788.4752     36.56881
  789.0935     36.56881
  796.1451     26.67446
  797.6778     26.67446
  798.2896     25.81376
  800.1182     25.81376
