alt   mode1(cm-3)  mode2(cm-3) # D1=1 μm, D2=2.4 μm
0   0.00000000000000000e+00   0.00000000000000000e+00
2   0.00000000000000000e+00   0.00000000000000000e+00
4   0.00000000000000000e+00   0.00000000000000000e+00
6   0.00000000000000000e+00   0.00000000000000000e+00
8   0.00000000000000000e+00   0.00000000000000000e+00
10   0.00000000000000000e+00   0.00000000000000000e+00
12   0.00000000000000000e+00   0.00000000000000000e+00
14   0.00000000000000000e+00   0.00000000000000000e+00
16   0.00000000000000000e+00   0.00000000000000000e+00
18   0.00000000000000000e+00   0.00000000000000000e+00
20   0.00000000000000000e+00   0.00000000000000000e+00
22   0.00000000000000000e+00   0.00000000000000000e+00
24   0.00000000000000000e+00   0.00000000000000000e+00
26   0.00000000000000000e+00   0.00000000000000000e+00
28   0.00000000000000000e+00   0.00000000000000000e+00
30   0.00000000000000000e+00   0.00000000000000000e+00
32   0.00000000000000000e+00   0.00000000000000000e+00
34   0.00000000000000000e+00   0.00000000000000000e+00
36   0.00000000000000000e+00   0.00000000000000000e+00
38   0.00000000000000000e+00   0.00000000000000000e+00
40   0.00000000000000000e+00   0.00000000000000000e+00
42   0.00000000000000000e+00   0.00000000000000000e+00
44   0.00000000000000000e+00   0.00000000000000000e+00
46   0.00000000000000000e+00   0.00000000000000000e+00
48   0.00000000000000000e+00   0.00000000000000000e+00
50   0.00000000000000000e+00   0.00000000000000000e+00
52   0.00000000000000000e+00   0.00000000000000000e+00
54   0.00000000000000000e+00   0.00000000000000000e+00
56   0.00000000000000000e+00   0.00000000000000000e+00
58   0.00000000000000000e+00   6.02500000000000000e+01
60   0.00000000000000000e+00   6.84399999999999977e+01
62   0.00000000000000000e+00   5.00900000000000034e+01
64   0.00000000000000000e+00   2.65899999999999999e+01
66   0.00000000000000000e+00   1.00399999999999991e+01
68   0.00000000000000000e+00   1.15000000000000000e+01
70   0.00000000000000000e+00   1.30600000000000005e+01
72   0.00000000000000000e+00   9.33200000000000074e+00
74   0.00000000000000000e+00   5.73299999999999965e+00
76   2.60005316029901167e+02   3.68199999999999994e+00
78   5.97540220308193057e+02   2.69200000000000017e+00
80   4.98418842586481105e+02   2.04800000000000004e+00
82   2.56892081268631614e+02   1.58499999999999996e+00
84   1.56967288124656449e+02   1.18399999999999994e+00
86   7.69169839889151490e+01   8.75199999999999978e-01
88   3.61235659235053888e+01   4.14700000000000013e-01
90   2.40020357401106139e+01   1.96500000000000008e-01
92   1.72131754219872768e+01   0.00000000000000000e+00
94   1.30454579189973590e+01   0.00000000000000000e+00
96   1.23625548100737106e+01   0.00000000000000000e+00
98   1.33567813951243171e+01   0.00000000000000000e+00
100   1.48631853118676602e+01   0.00000000000000000e+00
102   1.62289915297149605e+01   0.00000000000000000e+00
104   1.62289915297149605e+01   0.00000000000000000e+00
106   1.14486697672494149e+01   0.00000000000000000e+00
108   7.89958213940209575e+00   0.00000000000000000e+00
110   5.47728464127879811e+00   0.00000000000000000e+00
112   3.83229156419506678e+00   0.00000000000000000e+00
