alt   mode1(cm-3)  mode2(cm-3) # D1=1 μm, D2=2.4 μm
0   0.00000000000000000e+00   0.00000000000000000e+00
2   0.00000000000000000e+00   0.00000000000000000e+00
4   0.00000000000000000e+00   0.00000000000000000e+00
6   0.00000000000000000e+00   0.00000000000000000e+00
8   0.00000000000000000e+00   0.00000000000000000e+00
10   0.00000000000000000e+00   0.00000000000000000e+00
12   0.00000000000000000e+00   0.00000000000000000e+00
14   0.00000000000000000e+00   0.00000000000000000e+00
16   0.00000000000000000e+00   0.00000000000000000e+00
18   0.00000000000000000e+00   0.00000000000000000e+00
20   0.00000000000000000e+00   0.00000000000000000e+00
22   0.00000000000000000e+00   0.00000000000000000e+00
24   0.00000000000000000e+00   0.00000000000000000e+00
26   0.00000000000000000e+00   0.00000000000000000e+00
28   0.00000000000000000e+00   0.00000000000000000e+00
30   0.00000000000000000e+00   0.00000000000000000e+00
32   0.00000000000000000e+00   0.00000000000000000e+00
34   0.00000000000000000e+00   0.00000000000000000e+00
36   0.00000000000000000e+00   0.00000000000000000e+00
38   0.00000000000000000e+00   0.00000000000000000e+00
40   2.58900000000000034e+02   0.00000000000000000e+00
42   5.95000000000000114e+02   0.00000000000000000e+00
44   4.96300000000000125e+02   0.00000000000000000e+00
46   2.55800000000000068e+02   0.00000000000000000e+00
48   1.56300000000000040e+02   0.00000000000000000e+00
50   7.65900000000000176e+01   0.00000000000000000e+00
52   3.59700000000000060e+01   0.00000000000000000e+00
54   2.39000000000000021e+01   0.00000000000000000e+00
56   1.71400000000000041e+01   0.00000000000000000e+00
58   1.29900000000000038e+01   6.02500000000000000e+01
60   1.23100000000000041e+01   6.84399999999999977e+01
62   1.33000000000000043e+01   5.00900000000000034e+01
64   1.48000000000000043e+01   2.65899999999999999e+01
66   1.61600000000000037e+01   1.00399999999999991e+01
68   1.61600000000000037e+01   1.15000000000000000e+01
70   1.14000000000000021e+01   1.30600000000000005e+01
72   7.86600000000000144e+00   9.33200000000000074e+00
74   5.45400000000000063e+00   5.73299999999999965e+00
76   3.81600000000000072e+00   3.68199999999999994e+00
78   2.67000000000000037e+00   2.69200000000000017e+00
80   1.88100000000000045e+00   2.04800000000000004e+00
82   1.32800000000000029e+00   1.58499999999999996e+00
84   9.32800000000000185e-01   1.18399999999999994e+00
86   6.56300000000000106e-01   8.75199999999999978e-01
88   4.72000000000000086e-01   4.14700000000000013e-01
90   3.30300000000000038e-01   1.96500000000000008e-01
92   2.32400000000000051e-01   0.00000000000000000e+00
94   1.64500000000000035e-01   0.00000000000000000e+00
96   0.00000000000000000e+00   0.00000000000000000e+00
98   0.00000000000000000e+00   0.00000000000000000e+00
100   0.00000000000000000e+00   0.00000000000000000e+00
102   0.00000000000000000e+00   0.00000000000000000e+00
104   0.00000000000000000e+00   0.00000000000000000e+00
106   0.00000000000000000e+00   0.00000000000000000e+00
108   0.00000000000000000e+00   0.00000000000000000e+00
110   0.00000000000000000e+00   0.00000000000000000e+00
112   0.00000000000000000e+00   0.00000000000000000e+00
