alt   mode1(cm-3)  mode2(cm-3) # Experiment 9: mode-1 replaced by modelled ClS2 shape, column preserved
0     2.6262234088e+02   0           
2     2.2383637481e+02   0           
4     2.0047323815e+02   0           
6     1.7893749429e+02   0           
8     1.5910563215e+02   0           
10    1.4106850770e+02   0           
12    1.2453690394e+02   0           
14    1.0943844083e+02   0           
16    9.5916990767e+01   0           
18    8.3895466983e+01   0           
20    7.3111793744e+01   0           
22    6.3469809831e+01   0           
24    5.4888244829e+01   0           
26    4.7210555886e+01   0           
28    4.0385610067e+01   0           
30    3.4345504104e+01   0           
32    2.9016361820e+01   0           
34    2.4311460245e+01   0           
36    2.0152826466e+01   0           
38    1.6523789745e+01   0           
40    1.3388373991e+01   0           
42    1.0713890464e+01   0           
44    8.4673684183e+00   0           
46    6.5963500080e+00   0           
48    5.0765648312e+00   0           
50    3.8453840067e+00   0           
52    2.8371498334e+00   0           
54    2.0189544854e+00   0           
56    1.3473687854e+00   0           
58    7.9930434432e-01   60.25       
60    3.7723173442e-01   68.44       
62    1.0340651397e-01   50.09       
64    4.5734323308e-03   26.59       
66    3.0868895525e-05   10.04       
68    6.1372539046e-08   11.5        
70    4.8962237860e-07   13.06       
72    4.8369337854e-07   9.332       
74    2.5160449243e-10   5.733       
76    1.1358438034e-13   3.682       
78    6.7798455013e-15   2.692       
80    1.2271701959e-15   2.048       
82    1.7566207932e-16   1.585       
84    3.7979765099e-17   1.184       
86    6.0661704212e-18   0.8752      
88    4.5758642021e-19   0.4147      
90    1.5881728125e-20   0.1965      
92    2.4731491712e-21   0           
94    0.0000000000e+00   0           
96    9.2398487710e-22   0           
98    9.2398487710e-22   0           
100   0.0000000000e+00   0           
102   1.9860082441e-22   0           
104   1.9860082441e-22   0           
106   2.2882926325e-23   0           
108   2.2882926325e-23   0           
110   0.0000000000e+00   0           
112   0.0000000000e+00   0           
