lambda(nm)    Q_abs
   300.0000  0.9466896532
   302.0000  0.9219590901
   304.0000  0.8989384274
   306.0000  0.8755391177
   308.0000  0.8503090520
   310.0000  0.8223027559
   312.0000  0.7907892517
   314.0000  0.7557381280
   316.0000  0.7174352308
   318.0000  0.6764862639
   320.0000  0.6335989803
   322.0000  0.5893896541
   324.0000  0.5443112088
   326.0000  0.4987438069
   328.0000  0.4530054575
   330.0000  0.4075050960
   332.0000  0.3627318338
   334.0000  0.3193232939
   336.0000  0.2779316770
   338.0000  0.2391089362
   340.0000  0.2033354114
   342.0000  0.1709463398
   344.0000  0.1421504944
   346.0000  0.1169899835
   348.0000  0.0952886639
   350.0000  0.0768466805
   352.0000  0.0613994067
   354.0000  0.0486414842
   356.0000  0.0382470702
   358.0000  0.0298868566
   360.0000  0.0232422276
   362.0000  0.0180164705
   364.0000  0.0139427390
   366.0000  0.0108039935
   368.0000  0.0083916808
   370.0000  0.0065330268
   372.0000  0.0050990893
   374.0000  0.0039888529
   376.0000  0.0031245373
   378.0000  0.0024566296
   380.0000  0.0019282935
   382.0000  0.0015069535
   384.0000  0.0011704089
   386.0000  0.0009053868
   388.0000  0.0006923673
   390.0000  0.0005223160
   392.0000  0.0003911380
   394.0000  0.0002877975
   396.0000  0.0002086436
   398.0000  0.0001493805
   400.0000  0.0001044769
   402.0000  0.0000726907
   404.0000  0.0000492582
   406.0000  0.0000331240
   408.0000  0.0000217327
   410.0000  0.0000141487
   412.0000  0.0000089779
   414.0000  0.0000056760
   416.0000  0.0000034754
   418.0000  0.0000021420
   420.0000  0.0000012737
   422.0000  0.0000007607
   424.0000  0.0000004442
   426.0000  0.0000002538
   428.0000  0.0000001462
   430.0000  0.0000000813
   432.0000  0.0000000452
   434.0000  0.0000000250
   436.0000  0.0000000134
   438.0000  0.0000000072
   440.0000  0.0000000039
   442.0000  0.0000000020
   444.0000  0.0000000010
   446.0000  0.0000000005
   448.0000  0.0000000003
   450.0000  0.0000000001
   452.0000  0.0000000001
   454.0000  0.0000000000
   456.0000  0.0000000000
   458.0000  0.0000000000
   460.0000  0.0000000000
   462.0000  0.0000000000
   464.0000  0.0000000000
   466.0000  0.0000000000
   468.0000  0.0000000000
   470.0000  0.0000000000
   472.0000  0.0000000000
   474.0000  0.0000000000
   476.0000  0.0000000000
   478.0000  0.0000000000
   480.0000  0.0000000000
   482.0000  0.0000000000
   484.0000  0.0000000000
   486.0000  0.0000000000
   488.0000  0.0000000000
   490.0000  0.0000000000
   492.0000  0.0000000000
   494.0000  0.0000000000
   496.0000  0.0000000000
   498.0000  0.0000000000
   500.0000  0.0000000000
   502.0000  0.0000000000
   504.0000  0.0000000000
   506.0000  0.0000000000
   508.0000  0.0000000000
   510.0000  0.0000000000
   512.0000  0.0000000000
   514.0000  0.0000000000
   516.0000  0.0000000000
   518.0000  0.0000000000
   520.0000  0.0000000000
   522.0000  0.0000000000
   524.0000  0.0000000000
   526.0000  0.0000000000
   528.0000  0.0000000000
   530.0000  0.0000000000
   532.0000  0.0000000000
   534.0000  0.0000000000
   536.0000  0.0000000000
   538.0000  0.0000000000
   540.0000  0.0000000000
   542.0000  0.0000000000
   544.0000  0.0000000000
   546.0000  0.0000000000
   548.0000  0.0000000000
   550.0000  0.0000000000
   552.0000  0.0000000000
   554.0000  0.0000000000
   556.0000  0.0000000000
   558.0000  0.0000000000
   560.0000  0.0000000000
   562.0000  0.0000000000
   564.0000  0.0000000000
   566.0000  0.0000000000
   568.0000  0.0000000000
   570.0000  0.0000000000
   572.0000  0.0000000000
   574.0000  0.0000000000
   576.0000  0.0000000000
   578.0000  0.0000000000
   580.0000  0.0000000000
   582.0000  0.0000000000
   584.0000  0.0000000000
   586.0000  0.0000000000
   588.0000  0.0000000000
   590.0000  0.0000000000
   592.0000  0.0000000000
   594.0000  0.0000000000
   596.0000  0.0000000000
   598.0000  0.0000000000
   600.0000  0.0000000000
   602.0000  0.0000000000
   604.0000  0.0000000000
   606.0000  0.0000000000
   608.0000  0.0000000000
   610.0000  0.0000000000
   612.0000  0.0000000000
   614.0000  0.0000000000
   616.0000  0.0000000000
   618.0000  0.0000000000
   620.0000  0.0000000000
   622.0000  0.0000000000
   624.0000  0.0000000000
   626.0000  0.0000000000
   628.0000  0.0000000000
   630.0000  0.0000000000
   632.0000  0.0000000000
   634.0000  0.0000000000
   636.0000  0.0000000000
   638.0000  0.0000000000
   640.0000  0.0000000000
   642.0000  0.0000000000
   644.0000  0.0000000000
   646.0000  0.0000000000
   648.0000  0.0000000000
   650.0000  0.0000000000
   652.0000  0.0000000000
   654.0000  0.0000000000
   656.0000  0.0000000000
   658.0000  0.0000000000
   660.0000  0.0000000000
   662.0000  0.0000000000
   664.0000  0.0000000000
   666.0000  0.0000000000
   668.0000  0.0000000000
   670.0000  0.0000000000
   672.0000  0.0000000000
   674.0000  0.0000000000
   676.0000  0.0000000000
   678.0000  0.0000000000
   680.0000  0.0000000000
   682.0000  0.0000000000
   684.0000  0.0000000000
   686.0000  0.0000000000
   688.0000  0.0000000000
   690.0000  0.0000000000
   692.0000  0.0000000000
   694.0000  0.0000000000
   696.0000  0.0000000000
   698.0000  0.0000000000
