lambda(nm)    Q_abs
   300.0000  0.1299767705
   302.0000  0.1246891707
   304.0000  0.1260238478
   306.0000  0.1328876263
   308.0000  0.1442340849
   310.0000  0.1591392342
   312.0000  0.1769898997
   314.0000  0.1970084969
   316.0000  0.2185438286
   318.0000  0.2409123708
   320.0000  0.2634593578
   322.0000  0.2855932665
   324.0000  0.3068040130
   326.0000  0.3267600588
   328.0000  0.3451130700
   330.0000  0.3617443124
   332.0000  0.3765453959
   334.0000  0.3893522589
   336.0000  0.4000698452
   338.0000  0.4086354649
   340.0000  0.4149477093
   342.0000  0.4189281627
   344.0000  0.4205175008
   346.0000  0.4197207062
   348.0000  0.4166592165
   350.0000  0.4114574341
   352.0000  0.4042746727
   354.0000  0.3952890652
   356.0000  0.3846832146
   358.0000  0.3726344614
   360.0000  0.3593107140
   362.0000  0.3448710092
   364.0000  0.3294688977
   366.0000  0.3132425584
   368.0000  0.2963579880
   370.0000  0.2789873643
   372.0000  0.2612957215
   374.0000  0.2434485980
   376.0000  0.2256087064
   378.0000  0.2079573371
   380.0000  0.1906490775
   382.0000  0.1738177411
   384.0000  0.1575911305
   386.0000  0.1421468783
   388.0000  0.1275095748
   390.0000  0.1137422419
   392.0000  0.1010052400
   394.0000  0.0892036543
   396.0000  0.0783917875
   398.0000  0.0685903886
   400.0000  0.0596719880
   402.0000  0.0517489848
   404.0000  0.0446136928
   406.0000  0.0383268916
   408.0000  0.0327404746
   410.0000  0.0278638330
   412.0000  0.0235732920
   414.0000  0.0198728342
   416.0000  0.0166367479
   418.0000  0.0138918322
   420.0000  0.0115095391
   422.0000  0.0095088535
   424.0000  0.0078054514
   426.0000  0.0063701812
   428.0000  0.0051869082
   430.0000  0.0041936914
   432.0000  0.0033842709
   434.0000  0.0027265969
   436.0000  0.0021878301
   438.0000  0.0017597273
   440.0000  0.0014210380
   442.0000  0.0011501287
   444.0000  0.0009362232
   446.0000  0.0007730603
   448.0000  0.0006441332
   450.0000  0.0005422858
   452.0000  0.0004618401
   454.0000  0.0003990728
   456.0000  0.0003476561
   458.0000  0.0003047528
   460.0000  0.0002682018
   462.0000  0.0002364748
   464.0000  0.0002086468
   466.0000  0.0001835406
   468.0000  0.0001607150
   470.0000  0.0001398994
   472.0000  0.0001209364
   474.0000  0.0001037359
   476.0000  0.0000882409
   478.0000  0.0000745371
   480.0000  0.0000624189
   482.0000  0.0000518130
   484.0000  0.0000426304
   486.0000  0.0000347671
   488.0000  0.0000281072
   490.0000  0.0000225278
   492.0000  0.0000179033
   494.0000  0.0000141104
   496.0000  0.0000110312
   498.0000  0.0000085559
   500.0000  0.0000065851
   502.0000  0.0000050303
   504.0000  0.0000038146
   506.0000  0.0000028722
   508.0000  0.0000021475
   510.0000  0.0000015947
   512.0000  0.0000011762
   514.0000  0.0000008617
   516.0000  0.0000006271
   518.0000  0.0000004533
   520.0000  0.0000003255
   522.0000  0.0000002321
   524.0000  0.0000001644
   526.0000  0.0000001156
   528.0000  0.0000000818
   530.0000  0.0000000575
   532.0000  0.0000000402
   534.0000  0.0000000279
   536.0000  0.0000000193
   538.0000  0.0000000132
   540.0000  0.0000000089
   542.0000  0.0000000060
   544.0000  0.0000000041
   546.0000  0.0000000028
   548.0000  0.0000000019
   550.0000  0.0000000013
   552.0000  0.0000000008
   554.0000  0.0000000005
   556.0000  0.0000000004
   558.0000  0.0000000002
   560.0000  0.0000000002
   562.0000  0.0000000001
   564.0000  0.0000000001
   566.0000  0.0000000000
   568.0000  0.0000000000
   570.0000  0.0000000000
   572.0000  0.0000000000
   574.0000  0.0000000000
   576.0000  0.0000000000
   578.0000  0.0000000000
   580.0000  0.0000000000
   582.0000  0.0000000000
   584.0000  0.0000000000
   586.0000  0.0000000000
   588.0000  0.0000000000
   590.0000  0.0000000000
   592.0000  0.0000000000
   594.0000  0.0000000000
   596.0000  0.0000000000
   598.0000  0.0000000000
   600.0000  0.0000000000
   602.0000  0.0000000000
   604.0000  0.0000000000
   606.0000  0.0000000000
   608.0000  0.0000000000
   610.0000  0.0000000000
   612.0000  0.0000000000
   614.0000  0.0000000000
   616.0000  0.0000000000
   618.0000  0.0000000000
   620.0000  0.0000000000
   622.0000  0.0000000000
   624.0000  0.0000000000
   626.0000  0.0000000000
   628.0000  0.0000000000
   630.0000  0.0000000000
   632.0000  0.0000000000
   634.0000  0.0000000000
   636.0000  0.0000000000
   638.0000  0.0000000000
   640.0000  0.0000000000
   642.0000  0.0000000000
   644.0000  0.0000000000
   646.0000  0.0000000000
   648.0000  0.0000000000
   650.0000  0.0000000000
   652.0000  0.0000000000
   654.0000  0.0000000000
   656.0000  0.0000000000
   658.0000  0.0000000000
   660.0000  0.0000000000
   662.0000  0.0000000000
   664.0000  0.0000000000
   666.0000  0.0000000000
   668.0000  0.0000000000
   670.0000  0.0000000000
   672.0000  0.0000000000
   674.0000  0.0000000000
   676.0000  0.0000000000
   678.0000  0.0000000000
   680.0000  0.0000000000
   682.0000  0.0000000000
   684.0000  0.0000000000
   686.0000  0.0000000000
   688.0000  0.0000000000
   690.0000  0.0000000000
   692.0000  0.0000000000
   694.0000  0.0000000000
   696.0000  0.0000000000
   698.0000  0.0000000000
