lambda(nm)    Q_abs
   300.0000  0.0000000000
   302.0000  0.0000000000
   304.0000  0.0000000000
   306.0000  0.0000000000
   308.0000  0.0000000000
   310.0000  0.0000000000
   312.0000  0.0000000000
   314.0000  0.0000000000
   316.0000  0.0000000000
   318.0000  0.0000000000
   320.0000  0.0000000000
   322.0000  0.0000000000
   324.0000  0.0000000000
   326.0000  0.0000000000
   328.0000  0.0000000000
   330.0000  0.0000000000
   332.0000  0.0000000000
   334.0000  0.0000000000
   336.0000  0.0000000000
   338.0000  0.0000000000
   340.0000  0.0000000000
   342.0000  0.0000000000
   344.0000  0.0000000000
   346.0000  0.0000000000
   348.0000  0.0000000000
   350.0000  0.0000000000
   352.0000  0.0000000000
   354.0000  0.2066163646
   356.0000  0.2195632513
   358.0000  0.2325101380
   360.0000  0.2454570247
   362.0000  0.2584039114
   364.0000  0.2713507981
   366.0000  0.2842976848
   368.0000  0.2972445715
   370.0000  0.3101914582
   372.0000  0.3231383449
   374.0000  0.3328417527
   376.0000  0.3414640009
   378.0000  0.3490050893
   380.0000  0.3533026989
   382.0000  0.3576003085
   384.0000  0.3618979181
   386.0000  0.3661955276
   388.0000  0.3704863800
   390.0000  0.3747569605
   392.0000  0.3790275411
   394.0000  0.3833386652
   396.0000  0.3876633038
   398.0000  0.3897715651
   400.0000  0.3852306946
   402.0000  0.3806898241
   404.0000  0.3695673943
   406.0000  0.3562511114
   408.0000  0.3429348284
   410.0000  0.3296185455
   412.0000  0.3162797385
   414.0000  0.3029409314
   416.0000  0.2896021243
   418.0000  0.2762633173
   420.0000  0.2629245102
   422.0000  0.2493018987
   424.0000  0.2356792872
   426.0000  0.2220566758
   428.0000  0.2084340643
   430.0000  0.1948114528
   432.0000  0.1808780079
   434.0000  0.1669445631
   436.0000  0.1530111182
   438.0000  0.1390776733
   440.0000  0.1251442284
   442.0000  0.1112148379
   444.0000  0.0972854474
   446.0000  0.0833560569
   448.0000  0.0694266663
   450.0000  0.0554972758
   452.0000  0.0521105432
   454.0000  0.0487238107
   456.0000  0.0453370781
   458.0000  0.0419503455
   460.0000  0.0385636129
   462.0000  0.0351768804
   464.0000  0.0317901478
   466.0000  0.0284034152
   468.0000  0.0250166826
   470.0000  0.0216299501
   472.0000  0.0000000000
   474.0000  0.0000000000
   476.0000  0.0000000000
   478.0000  0.0000000000
   480.0000  0.0000000000
   482.0000  0.0000000000
   484.0000  0.0000000000
   486.0000  0.0000000000
   488.0000  0.0000000000
   490.0000  0.0000000000
   492.0000  0.0000000000
   494.0000  0.0000000000
   496.0000  0.0000000000
   498.0000  0.0000000000
   500.0000  0.0000000000
   502.0000  0.0000000000
   504.0000  0.0000000000
   506.0000  0.0000000000
   508.0000  0.0000000000
   510.0000  0.0000000000
   512.0000  0.0000000000
   514.0000  0.0000000000
   516.0000  0.0000000000
   518.0000  0.0000000000
   520.0000  0.0000000000
   522.0000  0.0000000000
   524.0000  0.0000000000
   526.0000  0.0000000000
   528.0000  0.0000000000
   530.0000  0.0000000000
   532.0000  0.0000000000
   534.0000  0.0000000000
   536.0000  0.0000000000
   538.0000  0.0000000000
   540.0000  0.0000000000
   542.0000  0.0000000000
   544.0000  0.0000000000
   546.0000  0.0000000000
   548.0000  0.0000000000
   550.0000  0.0000000000
   552.0000  0.0000000000
   554.0000  0.0000000000
   556.0000  0.0000000000
   558.0000  0.0000000000
   560.0000  0.0000000000
   562.0000  0.0000000000
   564.0000  0.0000000000
   566.0000  0.0000000000
   568.0000  0.0000000000
   570.0000  0.0000000000
   572.0000  0.0000000000
   574.0000  0.0000000000
   576.0000  0.0000000000
   578.0000  0.0000000000
   580.0000  0.0000000000
   582.0000  0.0000000000
   584.0000  0.0000000000
   586.0000  0.0000000000
   588.0000  0.0000000000
   590.0000  0.0000000000
   592.0000  0.0000000000
   594.0000  0.0000000000
   596.0000  0.0000000000
   598.0000  0.0000000000
   600.0000  0.0000000000
   602.0000  0.0000000000
   604.0000  0.0000000000
   606.0000  0.0000000000
   608.0000  0.0000000000
   610.0000  0.0000000000
   612.0000  0.0000000000
   614.0000  0.0000000000
   616.0000  0.0000000000
   618.0000  0.0000000000
   620.0000  0.0000000000
   622.0000  0.0000000000
   624.0000  0.0000000000
   626.0000  0.0000000000
   628.0000  0.0000000000
   630.0000  0.0000000000
   632.0000  0.0000000000
   634.0000  0.0000000000
   636.0000  0.0000000000
   638.0000  0.0000000000
   640.0000  0.0000000000
   642.0000  0.0000000000
   644.0000  0.0000000000
   646.0000  0.0000000000
   648.0000  0.0000000000
   650.0000  0.0000000000
   652.0000  0.0000000000
   654.0000  0.0000000000
   656.0000  0.0000000000
   658.0000  0.0000000000
   660.0000  0.0000000000
   662.0000  0.0000000000
   664.0000  0.0000000000
   666.0000  0.0000000000
   668.0000  0.0000000000
   670.0000  0.0000000000
   672.0000  0.0000000000
   674.0000  0.0000000000
   676.0000  0.0000000000
   678.0000  0.0000000000
   680.0000  0.0000000000
   682.0000  0.0000000000
   684.0000  0.0000000000
   686.0000  0.0000000000
   688.0000  0.0000000000
   690.0000  0.0000000000
   692.0000  0.0000000000
   694.0000  0.0000000000
   696.0000  0.0000000000
   698.0000  0.0000000000
