lambda(nm)    Q_abs
  300.0000  0.0000000000
  302.0000  0.0000000000
  304.0000  0.0000000000
  306.0000  0.0000000000
  308.0000  0.0000000000
  310.0000  0.0000000000
  312.0000  0.0000000000
  314.0000  0.0000000000
  316.0000  0.0000000000
  318.0000  0.0000000000
  320.0000  0.0000000000
  322.0000  0.0000000000
  324.0000  0.0000000000
  326.0000  0.0000000000
  328.0000  0.0000000000
  330.0000  0.0000000000
  332.0000  0.0000000000
  334.0000  0.0000000000
  336.0000  0.0000000000
  338.0000  0.0000000000
  340.0000  0.0000000000
  342.0000  0.0000000000
  344.0000  0.0000000000
  346.0000  0.0000000000
  348.0000  0.0000000000
  350.0000  0.0000000000
  352.0000  0.0000000000
  354.0000  0.0000000000
  356.0000  0.0000000000
  358.0000  0.0000000000
  360.0000  0.0000000000
  362.0000  0.0000000000
  364.0000  0.0000000000
  366.0000  0.0000000000
  368.0000  0.0000000000
  370.0000  0.0000000000
  372.0000  0.0000000000
  374.0000  0.0000000000
  376.0000  0.0000000000
  378.0000  0.0000000000
  380.0000  0.1550000000
  382.0000  0.1462000000
  384.0000  0.1374000000
  386.0000  0.1286000000
  388.0000  0.1198000000
  390.0000  0.1110000000
  392.0000  0.1048000000
  394.0000  0.0986000000
  396.0000  0.0924000000
  398.0000  0.0862000000
  400.0000  0.0800000000
  402.0000  0.0773000000
  404.0000  0.0746000000
  406.0000  0.0719000000
  408.0000  0.0692000000
  410.0000  0.0665000000
  412.0000  0.0638000000
  414.0000  0.0611000000
  416.0000  0.0584000000
  418.0000  0.0557000000
  420.0000  0.0000000000
  422.0000  0.0000000000
  424.0000  0.0000000000
  426.0000  0.0000000000
  428.0000  0.0000000000
  430.0000  0.0000000000
  432.0000  0.0000000000
  434.0000  0.0000000000
  436.0000  0.0000000000
  438.0000  0.0000000000
  440.0000  0.0000000000
  442.0000  0.0000000000
  444.0000  0.0000000000
  446.0000  0.0000000000
  448.0000  0.0000000000
  450.0000  0.0000000000
  452.0000  0.0000000000
  454.0000  0.0000000000
  456.0000  0.0000000000
  458.0000  0.0000000000
  460.0000  0.0000000000
  462.0000  0.0000000000
  464.0000  0.0000000000
  466.0000  0.0000000000
  468.0000  0.0000000000
  470.0000  0.0000000000
  472.0000  0.0000000000
  474.0000  0.0000000000
  476.0000  0.0000000000
  478.0000  0.0000000000
  480.0000  0.0000000000
  482.0000  0.0000000000
  484.0000  0.0000000000
  486.0000  0.0000000000
  488.0000  0.0000000000
  490.0000  0.0000000000
  492.0000  0.0000000000
  494.0000  0.0000000000
  496.0000  0.0000000000
  498.0000  0.0000000000
  500.0000  0.0000000000
  502.0000  0.0000000000
  504.0000  0.0000000000
  506.0000  0.0000000000
  508.0000  0.0000000000
  510.0000  0.0000000000
  512.0000  0.0000000000
  514.0000  0.0000000000
  516.0000  0.0000000000
  518.0000  0.0000000000
  520.0000  0.0000000000
  522.0000  0.0000000000
  524.0000  0.0000000000
  526.0000  0.0000000000
  528.0000  0.0000000000
  530.0000  0.0000000000
  532.0000  0.0000000000
  534.0000  0.0000000000
  536.0000  0.0000000000
  538.0000  0.0000000000
  540.0000  0.0000000000
  542.0000  0.0000000000
  544.0000  0.0000000000
  546.0000  0.0000000000
  548.0000  0.0000000000
  550.0000  0.0000000000
  552.0000  0.0000000000
  554.0000  0.0000000000
  556.0000  0.0000000000
  558.0000  0.0000000000
  560.0000  0.0000000000
  562.0000  0.0000000000
  564.0000  0.0000000000
  566.0000  0.0000000000
  568.0000  0.0000000000
  570.0000  0.0000000000
  572.0000  0.0000000000
  574.0000  0.0000000000
  576.0000  0.0000000000
  578.0000  0.0000000000
  580.0000  0.0000000000
  582.0000  0.0000000000
  584.0000  0.0000000000
  586.0000  0.0000000000
  588.0000  0.0000000000
  590.0000  0.0000000000
  592.0000  0.0000000000
  594.0000  0.0000000000
  596.0000  0.0000000000
  598.0000  0.0000000000
  600.0000  0.0000000000
  602.0000  0.0000000000
  604.0000  0.0000000000
  606.0000  0.0000000000
  608.0000  0.0000000000
  610.0000  0.0000000000
  612.0000  0.0000000000
  614.0000  0.0000000000
  616.0000  0.0000000000
  618.0000  0.0000000000
  620.0000  0.0000000000
  622.0000  0.0000000000
  624.0000  0.0000000000
  626.0000  0.0000000000
  628.0000  0.0000000000
  630.0000  0.0000000000
  632.0000  0.0000000000
  634.0000  0.0000000000
  636.0000  0.0000000000
  638.0000  0.0000000000
  640.0000  0.0000000000
  642.0000  0.0000000000
  644.0000  0.0000000000
  646.0000  0.0000000000
  648.0000  0.0000000000
  650.0000  0.0000000000
  652.0000  0.0000000000
  654.0000  0.0000000000
  656.0000  0.0000000000
  658.0000  0.0000000000
  660.0000  0.0000000000
  662.0000  0.0000000000
  664.0000  0.0000000000
  666.0000  0.0000000000
  668.0000  0.0000000000
  670.0000  0.0000000000
  672.0000  0.0000000000
  674.0000  0.0000000000
  676.0000  0.0000000000
  678.0000  0.0000000000
  680.0000  0.0000000000
  682.0000  0.0000000000
  684.0000  0.0000000000
  686.0000  0.0000000000
  688.0000  0.0000000000
  690.0000  0.0000000000
  692.0000  0.0000000000
  694.0000  0.0000000000
  696.0000  0.0000000000
  698.0000  0.0000000000
