lambda(nm)    Q_abs
   300.0000  0.0000000000
   302.0000  0.0000000000
   304.0000  0.0000000000
   306.0000  0.0000000000
   308.0000  0.0000000000
   310.0000  0.0000000000
   312.0000  0.0000000000
   314.0000  0.0000000000
   316.0000  0.0000000000
   318.0000  0.0000000000
   320.0000  0.0000000000
   322.0000  0.0000000000
   324.0000  0.0000000000
   326.0000  0.0000000000
   328.0000  0.0631749977
   330.0000  0.0654844034
   332.0000  0.0677938090
   334.0000  0.0714868082
   336.0000  0.0756410053
   338.0000  0.0816946543
   340.0000  0.0934466592
   342.0000  0.1051986642
   344.0000  0.1156661476
   346.0000  0.1257054572
   348.0000  0.1366512199
   350.0000  0.1503163419
   352.0000  0.1639814639
   354.0000  0.1772707951
   356.0000  0.1904348626
   358.0000  0.2038836202
   360.0000  0.2181864478
   362.0000  0.2324892755
   364.0000  0.2460405215
   366.0000  0.2593412403
   368.0000  0.2722320053
   370.0000  0.2838929094
   372.0000  0.2955538135
   374.0000  0.3053016006
   376.0000  0.3144116819
   378.0000  0.3225538171
   380.0000  0.3277921138
   382.0000  0.3330304106
   384.0000  0.3355015202
   386.0000  0.3370502340
   388.0000  0.3381434438
   390.0000  0.3378701413
   392.0000  0.3375968389
   394.0000  0.3344538608
   396.0000  0.3303543242
   398.0000  0.3255032059
   400.0000  0.3183973425
   402.0000  0.3112914790
   404.0000  0.3020675217
   406.0000  0.2921375330
   408.0000  0.2822075444
   410.0000  0.2722775557
   412.0000  0.2615959854
   414.0000  0.2509144150
   416.0000  0.2402328447
   418.0000  0.2295512743
   420.0000  0.2188697039
   422.0000  0.2079831568
   424.0000  0.1970966096
   426.0000  0.1862100624
   428.0000  0.1753235152
   430.0000  0.1644369680
   432.0000  0.1545753050
   434.0000  0.1447136419
   436.0000  0.1348519789
   438.0000  0.1249903158
   440.0000  0.1151286528
   442.0000  0.1077745396
   444.0000  0.1004204265
   446.0000  0.0930663133
   448.0000  0.0857122002
   450.0000  0.0783580870
   452.0000  0.0727007265
   454.0000  0.0670433660
   456.0000  0.0613860055
   458.0000  0.0557286450
   460.0000  0.0500712845
   462.0000  0.0467028319
   464.0000  0.0433343794
   466.0000  0.0399659268
   468.0000  0.0365974742
   470.0000  0.0332290216
   472.0000  0.0312976844
   474.0000  0.0293663472
   476.0000  0.0274350099
   478.0000  0.0255036727
   480.0000  0.0235723354
   482.0000  0.0000000000
   484.0000  0.0000000000
   486.0000  0.0000000000
   488.0000  0.0000000000
   490.0000  0.0000000000
   492.0000  0.0000000000
   494.0000  0.0000000000
   496.0000  0.0000000000
   498.0000  0.0000000000
   500.0000  0.0000000000
   502.0000  0.0000000000
   504.0000  0.0000000000
   506.0000  0.0000000000
   508.0000  0.0000000000
   510.0000  0.0000000000
   512.0000  0.0000000000
   514.0000  0.0000000000
   516.0000  0.0000000000
   518.0000  0.0000000000
   520.0000  0.0000000000
   522.0000  0.0000000000
   524.0000  0.0000000000
   526.0000  0.0000000000
   528.0000  0.0000000000
   530.0000  0.0000000000
   532.0000  0.0000000000
   534.0000  0.0000000000
   536.0000  0.0000000000
   538.0000  0.0000000000
   540.0000  0.0000000000
   542.0000  0.0000000000
   544.0000  0.0000000000
   546.0000  0.0000000000
   548.0000  0.0000000000
   550.0000  0.0000000000
   552.0000  0.0000000000
   554.0000  0.0000000000
   556.0000  0.0000000000
   558.0000  0.0000000000
   560.0000  0.0000000000
   562.0000  0.0000000000
   564.0000  0.0000000000
   566.0000  0.0000000000
   568.0000  0.0000000000
   570.0000  0.0000000000
   572.0000  0.0000000000
   574.0000  0.0000000000
   576.0000  0.0000000000
   578.0000  0.0000000000
   580.0000  0.0000000000
   582.0000  0.0000000000
   584.0000  0.0000000000
   586.0000  0.0000000000
   588.0000  0.0000000000
   590.0000  0.0000000000
   592.0000  0.0000000000
   594.0000  0.0000000000
   596.0000  0.0000000000
   598.0000  0.0000000000
   600.0000  0.0000000000
   602.0000  0.0000000000
   604.0000  0.0000000000
   606.0000  0.0000000000
   608.0000  0.0000000000
   610.0000  0.0000000000
   612.0000  0.0000000000
   614.0000  0.0000000000
   616.0000  0.0000000000
   618.0000  0.0000000000
   620.0000  0.0000000000
   622.0000  0.0000000000
   624.0000  0.0000000000
   626.0000  0.0000000000
   628.0000  0.0000000000
   630.0000  0.0000000000
   632.0000  0.0000000000
   634.0000  0.0000000000
   636.0000  0.0000000000
   638.0000  0.0000000000
   640.0000  0.0000000000
   642.0000  0.0000000000
   644.0000  0.0000000000
   646.0000  0.0000000000
   648.0000  0.0000000000
   650.0000  0.0000000000
   652.0000  0.0000000000
   654.0000  0.0000000000
   656.0000  0.0000000000
   658.0000  0.0000000000
   660.0000  0.0000000000
   662.0000  0.0000000000
   664.0000  0.0000000000
   666.0000  0.0000000000
   668.0000  0.0000000000
   670.0000  0.0000000000
   672.0000  0.0000000000
   674.0000  0.0000000000
   676.0000  0.0000000000
   678.0000  0.0000000000
   680.0000  0.0000000000
   682.0000  0.0000000000
   684.0000  0.0000000000
   686.0000  0.0000000000
   688.0000  0.0000000000
   690.0000  0.0000000000
   692.0000  0.0000000000
   694.0000  0.0000000000
   696.0000  0.0000000000
   698.0000  0.0000000000
