lambda(nm)    Q_abs
   300.0000  0.1665303013
   302.0000  0.1801298028
   304.0000  0.1936679838
   306.0000  0.2071857247
   308.0000  0.2199153850
   310.0000  0.2302808033
   312.0000  0.2406462215
   314.0000  0.2467805324
   316.0000  0.2515044741
   318.0000  0.2548203178
   320.0000  0.2539118675
   322.0000  0.2530034172
   324.0000  0.2498465523
   326.0000  0.2459402159
   328.0000  0.2420565907
   330.0000  0.2382410993
   332.0000  0.2344256079
   334.0000  0.2320409258
   336.0000  0.2301331801
   338.0000  0.2288159271
   340.0000  0.2292701523
   342.0000  0.2297243774
   344.0000  0.2315412781
   346.0000  0.2338124039
   348.0000  0.2362652198
   350.0000  0.2392631059
   352.0000  0.2422609920
   354.0000  0.2445775404
   356.0000  0.2466669761
   358.0000  0.2481659192
   360.0000  0.2478933841
   362.0000  0.2476208490
   364.0000  0.2449636317
   366.0000  0.2415115205
   368.0000  0.2373803426
   370.0000  0.2312119649
   372.0000  0.2250435871
   374.0000  0.2175397874
   376.0000  0.2095908470
   378.0000  0.2015010968
   380.0000  0.1929889172
   382.0000  0.1844767376
   384.0000  0.1761553326
   386.0000  0.1678975190
   388.0000  0.1598213956
   390.0000  0.1522903424
   392.0000  0.1447592891
   394.0000  0.1379163870
   396.0000  0.1313028686
   398.0000  0.1249141916
   400.0000  0.1192000391
   402.0000  0.1134858865
   404.0000  0.1085461878
   406.0000  0.1038646404
   408.0000  0.0991830931
   410.0000  0.0945015457
   412.0000  0.0909585894
   414.0000  0.0874156331
   416.0000  0.0838726768
   418.0000  0.0803297205
   420.0000  0.0767867642
   422.0000  0.0741931385
   424.0000  0.0715995128
   426.0000  0.0690058871
   428.0000  0.0664122614
   430.0000  0.0638186358
   432.0000  0.0618745520
   434.0000  0.0599304683
   436.0000  0.0579863846
   438.0000  0.0560423009
   440.0000  0.0540982172
   442.0000  0.0526129009
   444.0000  0.0511275846
   446.0000  0.0496422683
   448.0000  0.0481569520
   450.0000  0.0466716358
   452.0000  0.0455133616
   454.0000  0.0443550874
   456.0000  0.0431968132
   458.0000  0.0420385391
   460.0000  0.0408802649
   462.0000  0.0399581878
   464.0000  0.0390361107
   466.0000  0.0381140336
   468.0000  0.0371919566
   470.0000  0.0362698795
   472.0000  0.0355204079
   474.0000  0.0347709364
   476.0000  0.0340214649
   478.0000  0.0332719934
   480.0000  0.0325225218
   482.0000  0.0319093179
   484.0000  0.0312961139
   486.0000  0.0306829099
   488.0000  0.0300697060
   490.0000  0.0294565020
   492.0000  0.0289477698
   494.0000  0.0284390376
   496.0000  0.0279303054
   498.0000  0.0274215732
   500.0000  0.0269128411
   502.0000  0.0000000000
   504.0000  0.0000000000
   506.0000  0.0000000000
   508.0000  0.0000000000
   510.0000  0.0000000000
   512.0000  0.0000000000
   514.0000  0.0000000000
   516.0000  0.0000000000
   518.0000  0.0000000000
   520.0000  0.0000000000
   522.0000  0.0000000000
   524.0000  0.0000000000
   526.0000  0.0000000000
   528.0000  0.0000000000
   530.0000  0.0000000000
   532.0000  0.0000000000
   534.0000  0.0000000000
   536.0000  0.0000000000
   538.0000  0.0000000000
   540.0000  0.0000000000
   542.0000  0.0000000000
   544.0000  0.0000000000
   546.0000  0.0000000000
   548.0000  0.0000000000
   550.0000  0.0000000000
   552.0000  0.0000000000
   554.0000  0.0000000000
   556.0000  0.0000000000
   558.0000  0.0000000000
   560.0000  0.0000000000
   562.0000  0.0000000000
   564.0000  0.0000000000
   566.0000  0.0000000000
   568.0000  0.0000000000
   570.0000  0.0000000000
   572.0000  0.0000000000
   574.0000  0.0000000000
   576.0000  0.0000000000
   578.0000  0.0000000000
   580.0000  0.0000000000
   582.0000  0.0000000000
   584.0000  0.0000000000
   586.0000  0.0000000000
   588.0000  0.0000000000
   590.0000  0.0000000000
   592.0000  0.0000000000
   594.0000  0.0000000000
   596.0000  0.0000000000
   598.0000  0.0000000000
   600.0000  0.0000000000
   602.0000  0.0000000000
   604.0000  0.0000000000
   606.0000  0.0000000000
   608.0000  0.0000000000
   610.0000  0.0000000000
   612.0000  0.0000000000
   614.0000  0.0000000000
   616.0000  0.0000000000
   618.0000  0.0000000000
   620.0000  0.0000000000
   622.0000  0.0000000000
   624.0000  0.0000000000
   626.0000  0.0000000000
   628.0000  0.0000000000
   630.0000  0.0000000000
   632.0000  0.0000000000
   634.0000  0.0000000000
   636.0000  0.0000000000
   638.0000  0.0000000000
   640.0000  0.0000000000
   642.0000  0.0000000000
   644.0000  0.0000000000
   646.0000  0.0000000000
   648.0000  0.0000000000
   650.0000  0.0000000000
   652.0000  0.0000000000
   654.0000  0.0000000000
   656.0000  0.0000000000
   658.0000  0.0000000000
   660.0000  0.0000000000
   662.0000  0.0000000000
   664.0000  0.0000000000
   666.0000  0.0000000000
   668.0000  0.0000000000
   670.0000  0.0000000000
   672.0000  0.0000000000
   674.0000  0.0000000000
   676.0000  0.0000000000
   678.0000  0.0000000000
   680.0000  0.0000000000
   682.0000  0.0000000000
   684.0000  0.0000000000
   686.0000  0.0000000000
   688.0000  0.0000000000
   690.0000  0.0000000000
   692.0000  0.0000000000
   694.0000  0.0000000000
   696.0000  0.0000000000
   698.0000  0.0000000000
