lambda(nm)    Q_abs
  300.0000  0.0000000000
  302.0000  0.0000000000
  304.0000  0.0000000000
  306.0000  0.0000000000
  308.0000  0.0000000000
  310.0000  0.0000000000
  312.0000  0.0000000000
  314.0000  0.0000000000
  316.0000  0.0000000000
  318.0000  0.0000000000
  320.0000  0.0000000000
  322.0000  0.0000000000
  324.0000  0.0000000000
  326.0000  0.0000000000
  328.0000  0.0000000000
  330.0000  0.0000000000
  332.0000  0.0000000000
  334.0000  0.0000000000
  336.0000  0.0000000000
  338.0000  0.0000000000
  340.0000  0.0000000000
  342.0000  0.0000000000
  344.0000  0.0000000000
  346.0000  0.0000000000
  348.0000  0.0000000000
  350.0000  0.0000000000
  352.0000  0.0000000000
  354.0000  0.0000000000
  356.0000  0.0000000000
  358.0000  0.0000000000
  360.0000  0.0000000000
  362.0000  0.0000000000
  364.0000  0.0000000000
  366.0000  0.0000000000
  368.0000  0.0000000000
  370.0000  0.0000000000
  372.0000  0.0000000000
  374.0000  0.0000000000
  376.0000  0.0000000000
  378.0000  0.0000000000
  380.0000  0.0000000000
  382.0000  0.0000000000
  384.0000  0.0000000000
  386.0000  0.0000000000
  388.0000  0.0000000000
  390.0000  0.0000000000
  392.0000  0.0000000000
  394.0000  0.0000000000
  396.0000  0.0000000000
  398.0000  0.0000000000
  400.0000  0.0000000000
  402.0000  0.0000000000
  404.0000  0.0000000000
  406.0000  0.0000000000
  408.0000  0.0000000000
  410.0000  0.0000000000
  412.0000  0.0000000000
  414.0000  0.0000000000
  416.0000  0.0000000000
  418.0000  0.0000000000
  420.0000  0.0530000000
  422.0000  0.0511000000
  424.0000  0.0492000000
  426.0000  0.0473000000
  428.0000  0.0454000000
  430.0000  0.0435000000
  432.0000  0.0416000000
  434.0000  0.0397000000
  436.0000  0.0378000000
  438.0000  0.0359000000
  440.0000  0.0340000000
  442.0000  0.0337000000
  444.0000  0.0334000000
  446.0000  0.0331000000
  448.0000  0.0328000000
  450.0000  0.0325000000
  452.0000  0.0322000000
  454.0000  0.0319000000
  456.0000  0.0316000000
  458.0000  0.0313000000
  460.0000  0.0310000000
  462.0000  0.0307000000
  464.0000  0.0304000000
  466.0000  0.0301000000
  468.0000  0.0298000000
  470.0000  0.0295000000
  472.0000  0.0292000000
  474.0000  0.0289000000
  476.0000  0.0286000000
  478.0000  0.0283000000
  480.0000  0.0280000000
  482.0000  0.0280000000
  484.0000  0.0280000000
  486.0000  0.0280000000
  488.0000  0.0280000000
  490.0000  0.0280000000
  492.0000  0.0280000000
  494.0000  0.0280000000
  496.0000  0.0280000000
  498.0000  0.0280000000
  500.0000  0.0280000000
  502.0000  0.0275000000
  504.0000  0.0270000000
  506.0000  0.0265000000
  508.0000  0.0260000000
  510.0000  0.0255000000
  512.0000  0.0250000000
  514.0000  0.0245000000
  516.0000  0.0240000000
  518.0000  0.0235000000
  520.0000  0.0230000000
  522.0000  0.0225000000
  524.0000  0.0220000000
  526.0000  0.0215000000
  528.0000  0.0210000000
  530.0000  0.0205000000
  532.0000  0.0200000000
  534.0000  0.0195000000
  536.0000  0.0190000000
  538.0000  0.0185000000
  540.0000  0.0180000000
  542.0000  0.0176000000
  544.0000  0.0172000000
  546.0000  0.0168000000
  548.0000  0.0164000000
  550.0000  0.0160000000
  552.0000  0.0156000000
  554.0000  0.0152000000
  556.0000  0.0148000000
  558.0000  0.0144000000
  560.0000  0.0140000000
  562.0000  0.0134000000
  564.0000  0.0128000000
  566.0000  0.0122000000
  568.0000  0.0116000000
  570.0000  0.0110000000
  572.0000  0.0104000000
  574.0000  0.0098000000
  576.0000  0.0092000000
  578.0000  0.0086000000
  580.0000  0.0080000000
  582.0000  0.0076000000
  584.0000  0.0072000000
  586.0000  0.0068000000
  588.0000  0.0064000000
  590.0000  0.0060000000
  592.0000  0.0056000000
  594.0000  0.0052000000
  596.0000  0.0048000000
  598.0000  0.0044000000
  600.0000  0.0040000000
  602.0000  0.0039000000
  604.0000  0.0038000000
  606.0000  0.0037000000
  608.0000  0.0036000000
  610.0000  0.0035000000
  612.0000  0.0034000000
  614.0000  0.0033000000
  616.0000  0.0032000000
  618.0000  0.0031000000
  620.0000  0.0030000000
  622.0000  0.0029625000
  624.0000  0.0029250000
  626.0000  0.0028875000
  628.0000  0.0028500000
  630.0000  0.0028125000
  632.0000  0.0027750000
  634.0000  0.0027375000
  636.0000  0.0027000000
  638.0000  0.0026625000
  640.0000  0.0026250000
  642.0000  0.0025875000
  644.0000  0.0025500000
  646.0000  0.0025125000
  648.0000  0.0024750000
  650.0000  0.0024375000
  652.0000  0.0024000000
  654.0000  0.0023625000
  656.0000  0.0023250000
  658.0000  0.0022875000
  660.0000  0.0022500000
  662.0000  0.0022125000
  664.0000  0.0021750000
  666.0000  0.0021375000
  668.0000  0.0021000000
  670.0000  0.0020625000
  672.0000  0.0020250000
  674.0000  0.0019875000
  676.0000  0.0019500000
  678.0000  0.0019125000
  680.0000  0.0018750000
  682.0000  0.0018375000
  684.0000  0.0018000000
  686.0000  0.0017625000
  688.0000  0.0017250000
  690.0000  0.0016875000
  692.0000  0.0016500000
  694.0000  0.0016125000
  696.0000  0.0015750000
  698.0000  0.0015375000
