# Wavelength (nm) Cross-section (cm^2 molecule^-1)
1.239841984332002539e+04 3.049848131625521880e-172
1.128154671821658303e+04 3.812516722122757469e-171
1.034926531161938692e+04 4.758031873510274765e-170
9.559305970177350900e+03 5.920554512453497430e-169
8.881389572578815205e+03 7.338015367406342452e-168
8.293257420280951919e+03 9.051655097181484860e-167
7.778180579247192327e+03 1.110527985831412517e-165
7.323343085245141992e+03 1.354418822945246932e-164
6.918761073281262725e+03 1.641373916321655371e-163
6.556541429571668232e+03 1.975754946790798742e-162
6.230361730311570682e+03 2.361533355112550877e-161
5.935098058075645895e+03 2.802042730972104805e-160
5.666553858921400206e+03 3.299707086900841058e-159
5.421259223139494679e+03 3.855755933584085305e-158
5.196320135507135092e+03 4.469940411981022762e-157
4.989303759887333399e+03 5.140267644453182733e-156
4.798150094164096117e+03 5.862772588424766668e-155
4.621103184241530471e+03 6.631347664135021518e-154
4.456657024917334638e+03 7.437649980262952130e-153
4.303512614828193364e+03 8.271103882567635160e-152
4.160543571583900302e+03 9.119012713046032311e-151
4.026768380422222435e+03 9.966788160377764020e-150
3.901327829867849232e+03 1.079829865193540921e-148
3.783466537479409908e+03 1.159633030327567976e-147
3.672517726101903008e+03 1.234314557572307152e-146
3.567890602394251800e+03 1.302111667989967814e-145
3.469059833049810550e+03 1.361340363637783534e-144
3.375556722929491571e+03 1.410464147443025517e-143
3.286961782428426886e+03 1.448159792595424439e-142
3.202898435370711923e+03 1.473376258991207433e-141
3.123027668342575453e+03 1.485383110664736262e-140
3.047043461125589602e+03 1.483805332599243330e-139
2.974668868358930922e+03 1.468642243691132912e-138
2.905652646665109842e+03 1.440269195552567766e-137
2.839766340659648449e+03 1.399421854917953115e-136
2.776801756622625817e+03 1.347163999061232852e-135
2.716568764969330459e+03 1.284840814229487752e-134
2.658893382654948255e+03 1.214020588690358162e-133
2.603616094775309648e+03 1.136428362222341308e-132
2.550590381263119525e+03 1.053875483085944765e-131
2.499681420024198815e+03 9.681891092245815692e-131
2.450764942344341762e+03 8.811454787322359368e-130
2.403726220108574125e+03 7.944102982902112719e-129
2.358459167456729119e+03 7.094889122211792668e-128
2.314865542068712330e+03 6.276880892378642092e-127
2.272854233422552170e+03 5.500903763957825636e-126
2.232340627173212852e+03 4.775410968187188471e-125
2.193246036320542316e+03 4.106472777545479839e-124
2.155497191119614854e+03 3.497871425490669030e-123
2.119025780775939893e+03 2.951283203354829126e-122
2.083768040894121441e+03 2.466526373252624052e-121
2.049664381438258260e+03 2.041852515571393905e-120
2.016659050637609880e+03 1.674259607378393509e-119
1.984699830850011949e+03 1.359807201750908062e-118
1.953737762893164927e+03 1.093917170528341793e-117
1.923726895782780957e+03 8.716471795240395887e-117
1.894624059187045532e+03 6.879279960078232955e-116
1.866388656227611818e+03 5.377595424404000992e-115
1.838982474535749816e+03 4.163640392712954135e-114
1.812369513714372943e+03 3.192974380459883098e-113
1.786515827567726774e+03 2.425225336422260394e-112
1.761389379644839210e+03 1.824486375255633238e-111
1.736959910804150468e+03 1.359435317454205762e-110
1.713198817648200247e+03 1.003236909474954434e-109
1.690079040801530027e+03 7.332856962277868255e-109
1.667574962114327491e+03 5.308422790910423831e-108
1.645662309970802198e+03 3.806083252262705300e-107
1.624318071966464686e+03 2.702772791997186156e-106
1.603520414293847125e+03 1.900891533966836031e-105
1.583248607243011747e+03 1.324097052215659740e-104
1.563482956282474788e+03 9.134719079301219217e-104
1.544204738238887103e+03 6.241396108409078862e-103
1.525396142140750953e+03 4.223551644704453450e-102
1.507040214333296035e+03 2.830621406177291661e-101
1.489120807509011001e+03 1.878850121331905256e-100
1.471622533331753630e+03 1.235114936407020630e-99
1.454530718362274229e+03 8.041296236718746284e-99
1.437831363019833589e+03 5.184976777779330697e-98
1.421511103338686553e+03 3.311069511634684487e-97
1.405557175299855544e+03 2.094060463442490941e-96
1.389957381538119307e+03 1.311620885229752979e-95
1.374700060241714709e+03 8.136252333805546407e-95
1.359774056078090098e+03 4.998460980452039683e-94
1.345168692993384411e+03 3.041185312732444531e-93
1.330873748746245610e+03 1.832496060395952258e-92
1.316879431048329934e+03 1.093542691847994165e-91
1.303176355194452981e+03 6.462788402655706342e-91
1.289755523075005158e+03 3.782636759494253327e-90
1.276608303471995896e+03 2.192597345615346461e-89
1.263726413548060691e+03 1.258669586995339232e-88
1.251101901445007570e+03 7.155702824515934686e-88
1.238727129915078876e+03 4.028836818852781506e-87
1.226594760914129665e+03 2.246430718846514680e-86
1.214697741091410080e+03 1.240485017848603277e-85
1.203029288115663121e+03 6.783820617078065287e-85
1.191582877781837851e+03 3.674013470214427344e-84
1.180352231846917675e+03 1.970561215216040258e-83
1.169331306547205941e+03 1.046697476601310511e-82
1.158514281752945635e+03 5.505969058548963796e-82
1.147895550719380026e+03 2.868316038999157521e-81
1.137469710396332630e+03 1.479790393574059361e-80
1.127231552261116803e+03 7.560538225017828219e-80
1.117176053642099760e+03 3.825461968713946573e-79
1.107298369502547530e+03 1.916871959580199803e-78
1.097593824656517654e+03 9.512173261614452821e-78
1.088057906390524295e+03 4.674586919343164330e-77
1.078686257466506277e+03 2.275008318673593837e-76
1.069474669483310890e+03 1.096474253915890766e-75
1.060419076575438112e+03 5.233461578326169885e-75
1.051515549429227576e+03 2.473741184867770049e-74
1.042760289597983501e+03 1.157960049927644987e-73
1.034149624098759205e+03 5.367925533819658881e-73
1.025680000274654503e+03 2.464293791421384687e-72
1.017347980907526448e+03 1.120343230575487950e-71
1.009150239566988716e+03 5.044078602409184772e-71
1.001083556182480720e+03 2.248973181192028823e-70
9.931448128260192334e+02 9.930198687502094400e-70
9.853309896940335193e+02 4.342125702794666462e-69
9.776391612774028772e+02 1.880256981544862118e-68
9.700664927094924224e+02 8.063098661380502216e-68
9.626102362826104581e+02 3.424177549752937673e-67
9.552677281238942442e+02 1.440057109815413456e-66
9.480363850221763187e+02 5.997522755940148619e-66
9.409137013978921686e+02 2.473617021229311534e-65
9.338972464085586580e+02 1.010324795899000789e-64
9.269846611828055529e+02 4.086553543132776822e-64
9.201736561763414102e+02 1.636894350106174389e-63
9.134620086436325437e+02 6.493084158117053843e-63
9.068475602194282601e+02 2.550633147050977685e-62
9.003282146046055914e+02 9.922274064322063221e-62
8.939019353511191639e+02 3.822437238824478046e-61
8.875667437411427727e+02 1.458260507808637707e-60
8.813207167557593493e+02 5.509283985444826072e-60
8.751619851288221525e+02 2.061200276766373788e-59
8.690887314818467075e+02 7.636773553947639954e-59
8.630991885360267588e+02 2.801973534685229317e-58
8.571916373976786190e+02 1.018080812432146277e-57
8.513644059136183841e+02 3.663230969905045170e-57
8.456158670931675942e+02 1.305298690717822057e-56
8.399444375936606093e+02 4.605945374130413077e-56
8.343485762664887488e+02 1.609498881596452251e-55
8.288267827608813150e+02 5.569617002360754753e-55
8.233775961827615220e+02 1.908633253347002050e-54
8.179995938061637162e+02 6.477119252564145172e-54
8.126913898348205976e+02 2.176723711898862221e-53
8.074516342116589840e+02 7.244134278006143138e-53
8.022790114740536183e+02 2.387433089604248718e-52
7.971722396528016361e+02 7.791789812032920309e-52
7.921300692128817218e+02 2.518281790631482281e-51
7.871512820341580436e+02 8.059948677074442930e-51
7.822346904302854682e+02 2.554587981323850851e-50
7.773791362041522461e+02 8.018070604121184432e-50
7.725834897382866302e+02 2.492178249395700648e-49
7.678466491187232350e+02 7.670935559020552533e-49
7.631675392909038464e+02 2.338176940879581192e-48
7.585451112462541232e+02 7.057745915457167201e-48
7.539783412381430026e+02 2.109667818819843930e-47
7.494662300259942640e+02 6.244840611558578785e-47
7.450078021463781397e+02 1.830575610873667008e-46
7.406021052099649751e+02 5.313893357534072916e-46
7.362482092232793320e+02 1.527554327297263729e-45
7.319452059342360144e+02 4.348495098302057535e-45
7.276922082004944059e+02 1.225856458948808295e-44
7.234883493797061647e+02 3.422144922702638400e-44
7.193327827407764516e+02 9.460523065401806446e-44
7.152246808952999118e+02 2.589940031464620672e-43
7.111632352483666182e+02 7.021370860315869319e-43
7.071476554679760511e+02 1.885001069841961442e-42
7.031771689723243526e+02 5.011394777875302676e-42
6.992510204342690940e+02 1.319358449336434957e-41
6.953684713023009181e+02 3.439727261015807582e-41
6.915287993373876816e+02 8.880595381304280071e-41
6.877312981650778738e+02 2.270475812003272806e-40
6.839752768422807776e+02 5.748416836496634214e-40
6.802600594381665360e+02 1.441239179782894704e-39
6.765849846286506590e+02 3.578328113722757428e-39
6.729494053039526307e+02 8.797928271085171271e-39
6.693526881887396485e+02 2.142084964849571370e-38
6.657942134743864244e+02 5.164744657197250665e-38
6.622733744629039165e+02 1.233152454477466674e-37
6.587895772221053221e+02 2.915683058444435933e-37
6.553422402516001739e+02 6.826834157017811853e-37
6.519307941592188627e+02 1.582901039706639690e-36
6.485546813474929877e+02 3.634489552264799313e-36
6.452133557098263736e+02 8.263960115345115788e-36
6.419062823360095535e+02 1.860749914946004972e-35
6.386329372267448434e+02 4.148992913273779346e-35
6.353928070168617523e+02 9.161195522405199745e-35
6.321853887069153188e+02 2.003162913094143901e-34
6.290101894028726974e+02 4.337454550894637405e-34
6.258667260636053697e+02 9.300537323331034393e-34
6.227545252559156097e+02 1.974856166141734764e-33
6.196731229168344726e+02 4.152571519726627556e-33
6.166220641229435842e+02 8.646749678244665078e-33
6.136009028664765310e+02 1.782964361545592637e-32
6.106092018379722504e+02 3.640712180316829652e-32
6.076465322152531598e+02 7.361797015448235372e-32
6.047124734585195256e+02 1.474127468726102753e-31
6.018066131113496340e+02 2.923074269319438466e-31
5.989285466074114765e+02 5.739818718848779200e-31
5.960778770826934760e+02 1.116117514707127347e-30
5.932542151930725822e+02 2.149190928965131882e-30
5.904571789370428405e+02 4.098201539242077912e-30
5.876863934834348129e+02 7.738642321766618059e-30
5.849414910039641882e+02 1.447069193711915566e-29
5.822221105104496246e+02 2.679580439825016520e-29
5.795278976965515767e+02 4.913570526580376306e-29
5.768585047838842002e+02 8.922373579440764798e-29
5.742135903723612955e+02 1.604413651729909379e-28
5.715928192946394120e+02 2.856965236225671445e-28
5.689958624745306679e+02 5.037860685100368570e-28
5.664223967892559131e+02 8.797106996408628777e-28
5.638721049354203387e+02 1.521199082917811855e-27
5.613446752985929606e+02 2.604861506673198132e-27
5.588398018263781069e+02 4.417083120947497293e-27
5.563571839048697711e+02 7.417179895227007952e-27
5.538965262383856043e+02 1.233372679792856486e-26
5.514575387323766336e+02 2.030963331411134553e-26
5.490399363794182364e+02 3.311784543592813767e-26
5.466434391481867578e+02 5.347789513956220107e-26
5.442677718753302543e+02 8.551431004849488654e-26
5.419126641601478696e+02 1.354115136490339869e-25
5.395778502619908750e+02 2.123365560906473539e-25
5.372630690003044265e+02 3.297208678475344189e-25
5.349680636572327330e+02 5.070149198134722475e-25
5.326925818827078274e+02 7.720543759234221472e-25
5.304363756019519087e+02 1.164201492707564748e-24
5.281992009253194738e+02 1.738448692310464841e-24
5.259808180604117069e+02 2.570688857060594065e-24
5.237809912263961678e+02 3.764364206167029860e-24
5.215994885704679973e+02 5.458696661584211460e-24
5.194360820863892059e+02 7.838670420119801059e-24
5.172905475350477218e+02 1.114687446799588215e-23
5.151626643669765144e+02 1.569721159507365443e-23
5.130522156467774266e+02 2.189033489874465494e-23
5.109589879793951468e+02 3.023047924693458518e-23
5.088827714381884562e+02 4.134311444553458203e-23
5.068233594947481038e+02 5.599256583893576328e-23
5.047805489504121397e+02 7.509844163276793648e-23
5.027541398694303894e+02 9.974939865722892637e-23
5.007439355137327652e+02 1.312125040837300576e-22
4.987497422792559405e+02 1.709362541894031286e-22
4.967713696337856959e+02 2.205452452837930270e-22
4.948086300562725910e+02 2.818246138572616165e-22
4.928613389775808287e+02 3.566927300074845997e-22
4.909293147226301812e+02 4.471612901298761057e-22
4.890123784538938594e+02 5.552829461943543226e-22
4.871103541162151487e+02 6.830879400307590259e-22
4.852230683829064333e+02 8.325128599053992177e-22
4.833503506030963308e+02 1.005326542397875648e-21
4.814920327502921964e+02 1.203060201909982682e-21
4.796479493721236622e+02 1.426950938196997994e-21
4.778179375412372565e+02 1.677909668654521016e-21
4.760018368073107808e+02 1.956526052296873379e-21
4.741994891501577172e+02 2.263123904987501128e-21
4.724107389338930716e+02 2.597880753295401863e-21
4.706354328621326886e+02 2.961024377939848811e-21
4.688734199341989779e+02 3.353117359003773812e-21
4.671245514023066789e+02 3.775437737414446340e-21
4.653886807297032533e+02 4.230460029898065586e-21
4.636656635497391221e+02 4.722436158230997761e-21
4.619553576258438738e+02 5.258070654608266720e-21
4.602576228123848523e+02 5.847279139059491288e-21
4.585723210163858425e+02 6.504013939574946449e-21
4.568993161600834014e+02 7.247136264067102885e-21
4.552384741443004827e+02 8.101310932735471357e-21
4.535896628126151882e+02 9.097897668844440573e-21
4.519527519163059992e+02 1.027581254783529565e-20
4.503276130800531973e+02 1.168233450548730597e-20
4.487141197683769747e+02 1.337383473941306422e-20
4.471121472527956939e+02 1.541641118520950362e-20
4.455215725796839479e+02 1.788641565299697171e-20
4.439422745388149565e+02 2.087086721140683246e-20
4.423741336325694533e+02 2.446775148535081936e-20
4.408170320457948037e+02 2.878621116766871430e-20
4.392708536162984956e+02 3.394663776165514870e-20
4.377354838059604845e+02 4.008067800365099566e-20
4.362108096724492157e+02 4.733117033797158110e-20
4.346967198415266580e+02 5.585202717109459716e-20
4.331931044799281381e+02 6.580807752395948852e-20
4.316998552688030486e+02 7.737488237694889857e-20
4.302168653777030158e+02 9.073853180358566109e-20
4.287440294391045086e+02 1.060954292914548474e-19
4.272812435234525879e+02 1.236520647914613532e-19
4.258284051147143714e+02 1.436247742568392076e-19
4.243854130864290255e+02 1.662394798175710417e-19
4.229521676782432564e+02 1.917314011979198887e-19
4.215285704729209328e+02 2.203447252804122709e-19
4.201145243738148451e+02 2.523322165023666313e-19
4.187099335827909385e+02 2.879547456833285410e-19
4.173147035785938215e+02 3.274807086739787133e-19
4.159287410956430904e+02 3.711852988736824062e-19
4.145519541032508073e+02 4.193495895164457975e-19
4.131842517852509218e+02 4.722593734236997933e-19
4.118255445200300642e+02 5.302037008461843443e-19
4.104757438609510132e+02 5.934730516025665602e-19
4.091347625171602544e+02 6.623570777082304170e-19
4.078025143347704216e+02 7.371418587830572124e-19
4.064789142784087517e+02 8.181066261253570208e-19
4.051638784131245643e+02 9.055199332209751174e-19
4.038573238866457586e+02 9.996352805194705286e-19
4.025591689119784746e+02 1.100686239387450984e-18
4.012693327503405953e+02 1.208881161954789557e-18
3.999877356944228382e+02 1.324397606797175264e-18
3.987142990519688510e+02 1.447376650993573445e-18
3.974489451296689708e+02 1.577917292677976779e-18
3.961915972173587193e+02 1.716071170584132600e-18
3.949421795725169204e+02 1.861837834836341263e-18
3.937006174050559935e+02 2.015160794222928140e-18
3.924668368623982815e+02 2.175924538936518071e-18
3.912407650148319362e+02 2.343952695676482706e-18
3.900223298411407313e+02 2.519007417313952283e-18
3.888114602145014942e+02 2.700790046758948401e-18
3.876080858886429610e+02 2.888943029972843947e-18
3.864121374842617911e+02 3.083052992248522952e-18
3.852235464756881811e+02 3.282654840476838448e-18
3.840422451777978381e+02 3.487236716468425284e-18
3.828681667331632070e+02 3.696245605083114785e-18
3.817012450994404276e+02 3.909093396418247866e-18
3.805414150369854838e+02 4.125163211982807772e-18
3.793886120966959652e+02 4.343815827149205590e-18
3.782427726080729826e+02 4.564396051430184789e-18
3.771038336674987477e+02 4.786238958901206794e-18
3.759717331267254394e+02 5.008675888238364231e-18
3.748464095815704695e+02 5.231040151238915778e-18
3.737278023608146214e+02 5.452672397838795555e-18
3.726158515152979476e+02 5.672925584057587538e-18
3.715104978072101289e+02 5.891169478605232667e-18
3.704116826995705196e+02 6.106794627574195896e-18
3.693193483458944684e+02 6.319215679595960587e-18
3.682334375800422777e+02 6.527873961618102200e-18
3.671538939062460827e+02 6.732239193470869242e-18
3.660806614893121491e+02 6.931810242087261715e-18
3.650136851449943833e+02 7.126114846371068735e-18
3.639529103305355306e+02 7.314708291792029105e-18
3.628982831353731626e+02 7.497171077850335377e-18
3.618497502720063039e+02 7.673105697119560778e-18
3.608072590670204249e+02 7.842132725036106699e-18
3.597707574522669915e+02 8.003886496775035578e-18
3.587401939561941049e+02 8.158010712549503170e-18
3.577155176953267528e+02 8.304154356843811417e-18
3.566966783658915574e+02 8.441968333050426312e-18
3.556836262355850522e+02 8.571103197536413509e-18
3.546763121354814530e+02 8.691208324099453418e-18
3.536746874520773645e+02 8.801932742330376825e-18
3.526787041194716039e+02 8.902927776450246299e-18
3.516883146116759349e+02 8.993851472992822427e-18
3.507034719350556884e+02 9.074374657285422436e-18
3.497241296208965196e+02 9.144188312890446729e-18
3.487502417180958219e+02 9.203011848446637293e-18
3.477817627859754452e+02 9.250601715398945440e-18
3.468186478872142970e+02 9.286759778558789077e-18
3.458608525808978129e+02 9.311340826689980765e-18
3.449083329156820810e+02 9.324258645679695238e-18
3.439610454230711980e+02 9.325490161100283957e-18
3.430189471108043904e+02 9.315077284356647103e-18
3.420819954563520469e+02 9.293126257389475962e-18
3.411501484005179350e+02 9.259804472206488147e-18
3.402233643411454977e+02 9.215334928587374746e-18
3.393016021269265821e+02 9.159988670908033237e-18
3.383848210513106665e+02 9.094075698789389414e-18
3.374729808465125416e+02 9.017934963980084366e-18
3.365660416776161696e+02 8.931924138438959839e-18
3.356639641367740978e+02 8.836409860661654001e-18
3.347667092374992990e+02 8.731759137596051132e-18
3.338742384090487576e+02 8.618332500630215251e-18
3.329865134908960727e+02 8.496479392253934969e-18
3.321034967272928498e+02 8.366536104121356718e-18
3.312251507619155859e+02 8.228826408538773937e-18
3.303514386325977057e+02 8.083664836347162627e-18
3.294823237661447024e+02 7.931362367731260460e-18
3.286177699732307929e+02 7.772234131367420836e-18
3.277577414433758918e+02 7.606608563205539197e-18
3.269022027400011439e+02 7.434837369081994726e-18
3.260511187955615355e+02 7.257305573009776567e-18
3.252044549067547337e+02 7.074440920289626772e-18
3.243621767298038776e+02 6.886721943176163221e-18
3.235242502758140972e+02 6.694684084828600142e-18
3.226906419062001987e+02 6.498923409177405743e-18
3.218613183281852343e+02 6.300097591259852760e-18
3.210362465903683074e+02 6.098924072727651987e-18
3.202153940783600774e+02 5.896175466731630863e-18
3.193987285104854550e+02 5.692672490346301666e-18
3.185862179335514952e+02 5.489274876419818933e-18
3.177778307186800930e+02 5.286870857043009885e-18
3.169735355572037747e+02 5.086365907220479454e-18
3.161733014566232782e+02 4.888671482940101847e-18
3.153770977366272064e+02 4.694694480048063478e-18
3.145848940251706267e+02 4.505328080918441599e-18
3.137966602546132435e+02 4.321444550772851065e-18
3.130123666579152655e+02 4.143890404014998813e-18
3.122319837648901739e+02 3.973484194936918006e-18
3.114554823985134817e+02 3.811017009771600931e-18
3.106828336712863461e+02 3.657255561553263309e-18
3.099140089816533532e+02 3.512947627827883825e-18
3.091489800104731103e+02 3.378829434216986109e-18
3.083877187175411336e+02 3.255634481866981638e-18
3.076301973381640096e+02 3.144103248647315056e-18
3.068763883797837480e+02 3.044993164287565379e-18
3.061262646186519873e+02 2.959088267292789260e-18
3.053797990965522899e+02 2.887207992758472862e-18
3.046369651175710374e+02 2.830214609402521383e-18
3.038977362449145403e+02 2.789018914063258983e-18
3.031620862977730440e+02 2.764583894527193104e-18
3.024299893482296966e+02 2.757926178539763853e-18
3.017014197182145381e+02 2.770115190219457183e-18
3.009763519765020874e+02 2.802270027723544031e-18
3.002547609357524721e+02 2.855554152148682625e-18
2.995366216495947356e+02 2.931168033344212607e-18
2.988219094097521520e+02 3.030339931739449571e-18
2.981105997432081267e+02 3.154315006921516656e-18
2.974026684094131951e+02 3.304342936355699427e-18
2.966980913975310159e+02 3.481664206262593815e-18
2.959968449237239838e+02 3.687495207939616938e-18
2.952989054284767576e+02 3.923012244533554107e-18
2.946042495739581000e+02 4.189334533524878856e-18
2.939128542414191543e+02 4.487506286411582066e-18
2.932246965286291243e+02 4.818477965042465771e-18
2.925397537473461966e+02 5.183086856876760252e-18
2.918580034208240477e+02 5.582037178835041156e-18
2.911794232813533654e+02 6.015880007115102655e-18
2.905039912678372502e+02 6.484993430113839293e-18
2.898316855234004947e+02 6.989563421558463669e-18
2.891624843930318320e+02 7.529566016619297861e-18
2.884963664212589833e+02 8.104751429545800252e-18
2.878333103498554806e+02 8.714630762471886136e-18
2.871732951155793785e+02 9.358465909739755074e-18
2.865162998479427188e+02 1.003526315392846285e-17
2.858623038670115761e+02 1.074377077938158800e-17
2.852112866812363450e+02 1.148248080546593047e-17
2.845632279853115847e+02 1.224963468271602990e-17
2.839181076580646277e+02 1.304323252589130891e-17
2.832759057603734618e+02 1.386104520979130544e-17
2.826366025331120113e+02 1.470062845973838458e-17
2.820001783951240668e+02 1.555933796026337217e-17
2.813666139412237612e+02 1.643434450754605189e-17
2.807358899402233874e+02 1.732264835747984906e-17
2.801079873329874772e+02 1.822109217148053450e-17
2.794828872305131426e+02 1.912637231973899279e-17
2.788605709120358256e+02 2.003504873388543194e-17
2.782410198231603431e+02 2.094355396165668937e-17
2.776242155740170006e+02 2.184820250972124400e-17
2.770101399374418634e+02 2.274520190904838392e-17
2.763987748471816417e+02 2.363066714632587179e-17
2.757901023961212559e+02 2.450064013281906170e-17
2.751841048345361287e+02 2.535111570471348942e-17
2.745807645683666465e+02 2.617807526465194300e-17
2.739800641575150166e+02 2.697752860516345007e-17
2.733819863141653173e+02 2.774556374590446075e-17
2.727865139011248630e+02 2.847840383129312727e-17
2.721936299301871713e+02 2.917246934805511257e-17
2.716033175605167003e+02 2.982444321152305729e-17
2.710155600970539922e+02 3.043133570803773194e-17
2.704303409889420209e+02 3.099054592793059904e-17
2.698476438279725471e+02 3.149991621922831410e-17
2.692674523470523695e+02 3.195777635306017749e-17
2.686897504186898686e+02 3.236297451022766832e-17
2.681145220535005365e+02 3.271489284461473667e-17
2.675417513987317193e+02 3.301344620487398967e-17
2.669714227368064030e+02 3.325906354019396745e-17
2.664035204838853588e+02 3.345265251140836778e-17
2.658380291884479902e+02 3.359554880706040485e-17
2.652749335298905748e+02 3.368945256148069914e-17
2.647142183171429792e+02 3.373635503265543706e-17
2.641558684873023708e+02 3.373845927631776015e-17
2.635998691042846076e+02 3.369809891544114284e-17
2.630462053574919423e+02 3.361765922926849939e-17
2.624948625604985182e+02 3.349950466322426501e-17
2.619458261497512126e+02 3.334591649254359073e-17
2.613990816832878181e+02 3.315904377246200573e-17
2.608546148394703437e+02 3.294086990322342172e-17
2.603124114157346298e+02 3.269319616882431329e-17
2.597724573273555393e+02 3.241764252695150450e-17
2.592347386062271539e+02 3.211566479818352311e-17
2.586992413996583196e+02 3.178858629841952726e-17
2.581659519691832543e+02 3.143764095766233423e-17
2.576348566893862539e+02 3.106402414785303280e-17
2.571059420467416885e+02 3.066894687192519220e-17
2.565791946384674702e+02 3.025368870040464767e-17
2.560546011713930739e+02 2.981964491421413063e-17
2.555321484608413982e+02 2.936836373004026182e-17
2.550118234295239290e+02 2.890157022581074345e-17
2.544936131064498568e+02 2.842117459789850917e-17
2.539775046258480415e+02 2.792926359250399589e-17
2.534634852261023923e+02 2.742807526604067590e-17
2.529515422486998659e+02 2.691995853733311456e-17
2.524416631371915116e+02 2.640732019135667292e-17
2.519338354361657366e+02 2.589256298263738255e-17
2.514280467902341059e+02 2.537801918713112496e-17
2.509242849430294200e+02 2.486588431062244748e-17
2.504225377362154461e+02 2.435815565532822803e-17
2.499227931085090688e+02 2.385658008136956368e-17
2.494250390947136395e+02 2.336261461215379304e-17
2.489292638247641207e+02 2.287740258333343641e-17
2.484354555227833430e+02 2.240176690302439178e-17
2.479436025061499151e+02 2.193622076627052495e-17
2.474536931845765935e+02 2.148099494211264344e-17
2.469657160592001617e+02 2.103607961534750512e-17
2.464796597216815712e+02 2.060127779472983504e-17
2.459955128533169102e+02 2.017626655706473230e-17
2.455132642241589167e+02 1.976066192589488111e-17
2.450329026921485820e+02 1.935408300779582693e-17
2.445544172022570137e+02 1.895621113201121956e-17
2.440777967856374460e+02 1.856684014464405435e-17
2.436030305587870544e+02 1.818591466413056431e-17
2.431301077227184066e+02 1.781355396304467675e-17
2.426590175621408605e+02 1.745006014374172628e-17
2.421897494446511416e+02 1.709591035524049284e-17
2.417222928199334149e+02 1.675173388496222800e-17
2.412566372189687911e+02 1.641827598003110561e-17
2.407927722532535597e+02 1.609635114099880818e-17
2.403306876140267434e+02 1.578678932629039541e-17
2.398703730715064353e+02 1.549037896050846586e-17
2.394118184741349182e+02 1.520781082176123810e-17
2.389550137478322824e+02 1.493962677861959849e-17
2.384999488952587399e+02 1.468617696261359693e-17
2.380466139950853517e+02 1.444758832432579197e-17
2.375949992012729126e+02 1.422374667640435040e-17
2.371450947423592197e+02 1.401429333777054562e-17
2.366968909207541856e+02 1.381863643436839786e-17
2.362503781120431654e+02 1.363597586355449929e-17
2.358055467642980148e+02 1.346533997184941774e-17
2.353623873973959633e+02 1.330563120241510599e-17
2.349208906023461907e+02 1.315567739918372369e-17
2.344810470406238210e+02 1.301428515043055128e-17
2.340428474435115618e+02 1.288029153513673779e-17
2.336062826114486199e+02 1.275261089633300457e-17
2.331713434133869498e+02 1.263027377917013477e-17
2.327380207861545500e+02 1.251245588946367151e-17
2.323063057338259512e+02 1.239849578647111280e-17
2.318761893270997518e+02 1.228790094690080508e-17
2.314476627026829760e+02 1.218034274728744336e-17
2.310207170626821380e+02 1.207564173395428408e-17
2.305953436740012421e+02 1.197374521878497846e-17
2.301715338677463478e+02 1.187469970532893181e-17
2.297492790386366153e+02 1.177862088305374394e-17
2.293285706444219159e+02 1.168566391888903053e-17
2.289094002053066959e+02 1.159599653698590372e-17
2.284917593033803769e+02 1.150977694162313192e-17
2.280756395820537819e+02 1.142713805185778206e-17
2.276610327455017568e+02 1.134817883794418913e-17
2.272479305581118751e+02 1.127296284169115741e-17
2.268363248439391384e+02 1.120152328773646167e-17
2.264262074861666179e+02 1.113387360562584397e-17
2.260175704265718650e+02 1.107002172803392639e-17
2.256104056649990923e+02 1.100998623878677223e-17
2.252047052588372367e+02 1.095381233020353909e-17
2.248004613225033097e+02 1.090158559171795389e-17
2.243976660269316028e+02 1.085344187569475509e-17
2.239963115990682354e+02 1.080957184522196946e-17
2.235963903213710751e+02 1.077021926761418716e-17
2.231978945313151428e+02 1.073567263693039056e-17
2.228008166209032765e+02 1.070625024828593604e-17
2.224051490361817685e+02 1.068227936713199341e-17
2.220108842767615442e+02 1.066407060305507063e-17
2.216180148953440892e+02 1.065188898073356565e-17
2.212265334972526034e+02 1.064592347787701664e-17
2.208364327399680462e+02 1.064625695585645108e-17
2.204477053326699831e+02 1.065283843531283544e-17
2.200603440357825491e+02 1.066545956581035713e-17
2.196743416605249024e+02 1.068373691252581505e-17
2.192896910684664533e+02 1.070710134834421256e-17
2.189063851710869812e+02 1.073479541786153684e-17
2.185244169293410721e+02 1.076587905827766029e-17
2.181437793532272735e+02 1.079924355366291312e-17
2.177644655013616273e+02 1.083363309944171025e-17
2.173864684805558909e+02 1.086767289967978258e-17
2.170097814453997671e+02 1.089990234505022268e-17
2.166343975978477943e+02 1.092881155279159457e-17
2.162603101868103579e+02 1.095287941151185110e-17
2.158875125077489940e+02 1.097061127223135476e-17
2.155159979022758137e+02 1.098057455903193225e-17
2.151457597577570766e+02 1.098143082203454620e-17
2.147767915069209437e+02 1.097196309509137603e-17
2.144090866274690370e+02 1.095109781530576623e-17
2.140426386416922639e+02 1.091792097186205878e-17
2.136774411160903071e+02 1.087168853857070755e-17
2.133134876609952073e+02 1.081183157383001651e-17
2.129507719301986128e+02 1.073795661792360566e-17
2.125892876205830646e+02 1.064984216667754827e-17
2.122290284717566635e+02 1.054743205091383123e-17
2.118699882656918874e+02 1.043082651311054330e-17
2.115121608263677615e+02 1.030027166607351211e-17
2.111555400194156107e+02 1.015614786927439339e-17
2.108001197517686762e+02 9.998957395010440932e-18
2.104458939713150585e+02 9.829311604916611758e-18
2.100928566665541268e+02 9.647917738471834315e-18
2.097410018662565960e+02 9.455565342040419680e-18
2.093903236391276437e+02 9.253112343947876000e-18
2.090408160934738078e+02 9.041470803967998320e-18
2.086924733768730107e+02 8.821592423459883896e-18
2.083452896758477948e+02 8.594453979994015311e-18
2.079992592155419686e+02 8.361042930904666552e-18
2.076543762594004932e+02 8.122343498317727790e-18
2.073106351088523809e+02 7.879323591764268893e-18
2.069680301029968348e+02 7.632922936207362342e-18
2.066265556182925422e+02 7.384042751092525058e-18
2.062862060682499248e+02 7.133537272509950774e-18
2.059469759031265710e+02 6.882207331977712083e-18
2.056088596096254548e+02 6.630796110099127742e-18
2.052718517105964509e+02 6.379987080410667583e-18
2.049359467647403221e+02 6.130404056456459743e-18
2.046011393663161471e+02 5.882613160336213572e-18
2.042674241448510770e+02 5.637126448653831000e-18
2.039347957648533622e+02 5.394406865170411674e-18
2.036032489255279643e+02 5.154874140421518805e-18
2.032727783604948968e+02 4.918911228163089433e-18
2.029433788375104371e+02 4.686870857480991117e-18
2.026150451581910090e+02 4.459081788349040474e-18
2.022877721577397097e+02 4.235854387826361842e-18
2.019615547046754216e+02 4.017485193977482310e-18
2.016363877005647396e+02 3.804260204093330085e-18
2.013122660797561991e+02 3.596456710586521628e-18
2.009891848091174040e+02 3.394343607944848992e-18
2.006671388877743425e+02 3.198180201405526584e-18
2.003461233468534317e+02 3.008213655014362860e-18
2.000261332492260067e+02 2.824675314962568267e-18
1.997071636892551112e+02 2.647776225025768764e-18
1.993892097925448752e+02 2.477702207094342988e-18
1.990722667156921659e+02 2.314608905807387719e-18
1.987563296460407969e+02 2.158617189736302224e-18
1.984413938014376697e+02 2.009809263333957181e-18
1.981274544299917579e+02 1.868225778268110193e-18
1.978145068098349384e+02 1.733864146954437972e-18
1.975025462488853236e+02 1.606678164228260142e-18
1.971915680846127259e+02 1.486578945062617895e-18
1.968815676838063951e+02 1.373437096493054923e-18
1.965725404423449731e+02 1.267085968239629572e-18
1.962644817849684102e+02 1.167325774195108804e-18
1.959573871650523245e+02 1.073928348239882445e-18
1.956512520643841810e+02 9.866422919945218669e-19
1.953460719929418303e+02 9.051982857676955934e-19
1.950418424886739501e+02 8.293143618924167195e-19
1.947385591172825059e+02 7.587009757778107294e-19
1.944362174720074279e+02 6.930657483536832650e-19
1.941348131734130789e+02 6.321177891563118408e-19
1.938343418691768250e+02 5.755715386961430430e-19
1.935347992338795393e+02 5.231500904491898714e-19
1.932361809687981236e+02 4.745879671377669799e-19
1.929384828016997062e+02 4.296333346891446595e-19
1.926417004866380580e+02 3.880496430511451662e-19
1.923458298037516272e+02 3.496166887905550075e-19
1.920508665590635644e+02 3.141311025801862015e-19
1.917568065842836234e+02 2.814062768559837220e-19
1.914636457366116815e+02 2.512717654625648077e-19
1.911713798985433073e+02 2.235722071285846744e-19
1.908800049776768901e+02 1.981658461985276152e-19
1.905895169065227606e+02 1.749227445904728852e-19
1.902999116423137593e+02 1.537227956397606700e-19
1.900111851668177394e+02 1.344536607968764452e-19
1.897233334861518870e+02 1.170087522482429127e-19
1.894363526305982646e+02 1.012853775867898204e-19
1.891502386544215710e+02 8.718314695572564743e-20
1.888649876356882373e+02 7.460271996490286750e-20
1.885805956760871425e+02 6.344494133152031491e-20
1.882970589007521482e+02 5.361038336249938457e-20
1.880143734580860269e+02 4.499928298387306575e-20
1.877325355195860936e+02 3.751183374978523400e-20
1.874515412796713747e+02 3.104877134737249537e-20
1.871713869555113092e+02 2.551217605481093412e-20
1.868920687868559583e+02 2.080640808932785382e-20
1.866135830358678618e+02 1.683909166882737650e-20
1.863359259869552034e+02 1.352207006736814369e-20
1.860590939466066231e+02 1.077226560273345563e-20
1.857830832432274235e+02 8.512393669477944672e-21
1.855078902269772527e+02 6.671496843487195161e-21
1.852335112696092381e+02 5.185282057291435400e-21
1.849599427643104832e+02 3.996259460334508315e-21
1.846871811255440718e+02 3.053694775068880113e-21
1.844152227888923790e+02 2.313397080790885623e-21
1.841440642109018881e+02 1.737370739911906632e-21
1.838737018689291745e+02 1.293363709194437930e-21
1.836041322609883935e+02 9.543451044812663077e-22
1.833353519056001915e+02 6.979431455757703528e-22
1.830673573416416673e+02 5.058711238670401877e-22
1.828001451281979541e+02 3.633644473365354001e-22
1.825337118444147393e+02 2.586467140445244600e-22
1.822680540893525176e+02 1.824376414798989577e-22
1.820031684818417830e+02 1.275109144475193827e-22
1.817390516603395554e+02 8.830586550984344544e-23
1.814757002827872725e+02 6.059351196816548581e-23
1.812131110264696190e+02 4.119488702392406088e-23
1.809512805878750896e+02 2.774778959002769274e-23
1.806902056825571776e+02 1.851695441210101806e-23
1.804298830449971831e+02 1.224209838564221757e-23
1.801703094284679878e+02 8.018204846646938057e-24
1.799114816048992225e+02 5.202641963704287733e-24
1.796533963647432302e+02 3.344162890734285114e-24
1.793960505168425925e+02 2.129410384795951554e-24
1.791394408882984806e+02 1.343173391361302273e-24
1.788835643243402842e+02 8.392635437696012848e-25
1.786284176881964072e+02 5.194592143668711973e-25
1.783739978609660000e+02 3.184821026396114565e-25
1.781203017414918861e+02 1.934163289448821327e-25
1.778673262462345406e+02 1.163510114115332058e-25
1.776150683091472615e+02 6.932834470112455943e-26
1.773635248815521948e+02 4.091760051322379448e-26
1.771126929320175520e+02 2.392012457147179160e-26
1.768625694462358524e+02 1.385052442905516073e-26
1.766131514269031015e+02 7.943543647394293318e-27
1.763644358935992216e+02 4.512359056984180241e-27
1.761164198826691347e+02 2.538811877680240005e-27
1.758691004471052395e+02 1.414787794882998459e-27
1.756224746564305121e+02 7.808769113931407307e-28
1.753765395965829157e+02 4.268753759910392052e-28
1.751312923698004909e+02 2.311233243728551844e-28
1.748867300945076408e+02 1.239389039619268847e-28
1.746428499052022687e+02 6.582485656068031399e-29
1.743996489523437958e+02 3.462485048882034462e-29
1.741571244022422036e+02 1.803844306431195608e-29
1.739152734369480129e+02 9.307239907716193400e-30
1.736740932541431448e+02 4.756101880461041854e-30
1.734335810670325770e+02 2.407063459693949371e-30
1.731937341042371372e+02 1.206501726674755894e-30
1.729545496096870352e+02 5.989220877684801043e-31
1.727160248425161910e+02 2.944507949594936982e-31
1.724781570769576717e+02 1.433683474772105147e-31
1.722409436022397529e+02 6.913376046852551895e-32
1.720043817224830605e+02 3.301579165533896846e-32
1.717684687565983381e+02 1.561515268227618989e-32
1.715332020381851805e+02 7.314121305783112110e-33
1.712985789154316194e+02 3.392875863114214545e-33
1.710645967510144487e+02 1.558698844661718982e-33
1.708312529220004308e+02 7.091587925667309985e-34
1.705985448197482697e+02 3.195291353593294430e-34
1.703664698498114092e+02 1.425810611150624764e-34
1.701350254318415978e+02 6.300810086047080189e-35
1.699042089994933065e+02 2.757483467085881088e-35
1.696740180003288003e+02 1.195116612418472303e-35
1.694444498957240626e+02 5.129645939653905544e-36
1.692155021607755714e+02 2.180435191746781742e-36
1.689871722842075599e+02 9.178604295059033454e-37
1.687594577682804129e+02 3.826368632079748482e-37
1.685323561286993481e+02 1.579693118867397192e-37
1.683058648945242624e+02 6.458527322558088717e-38
1.680799816080800611e+02 2.614979352795959533e-38
1.678547038248676699e+02 1.048518699534522978e-38
1.676300291134759846e+02 4.163479645135672214e-39
1.674059550554943883e+02 1.637224698435356539e-39
1.671824792454258386e+02 6.375745327692586242e-40
1.669595992906009201e+02 2.458803090891204844e-40
1.667373128110924654e+02 9.390440494639370011e-41
1.665156174396307449e+02 3.551541885046717706e-41
1.662945108215194523e+02 1.330197227765293933e-41
1.660739906145524003e+02 4.933812505854250522e-42
1.658540544889308421e+02 1.812241855564971966e-42
1.656347001271812474e+02 6.591981992329298669e-43
1.654159252240740727e+02 2.374551852542580541e-43
1.651977274865429877e+02 8.470568557680329532e-44
1.649801046336046682e+02 2.992321227485897210e-44
1.647630543962793865e+02 1.046810619020751263e-44
1.645465745175121697e+02 3.626534428837367080e-45
1.643306627520944971e+02 1.244167381413805613e-45
1.641153168665866815e+02 4.226965437852198741e-46
1.639005346392409876e+02 1.422135690198670743e-46
1.636863138599250647e+02 4.738222132295460317e-47
1.634726523300462020e+02 1.563332816232676075e-47
1.632595478624761256e+02 5.107974674730724353e-48
1.630469982814763625e+02 1.652749068730041209e-48
1.628350014226241456e+02 5.295727693214807680e-49
1.626235551327390283e+02 1.680368628731189192e-49
1.624126572698099835e+02 5.280114588690556026e-50
1.622023057029229562e+02 1.643015548302300938e-50
1.619924983121891842e+02 5.062898636963340473e-51
1.617832329886740581e+02 1.544954617622702449e-51
1.615745076343262383e+02 4.668645165746243360e-52
1.613663201619077938e+02 1.397089971210531054e-52
1.611586684949244841e+02 4.140149094229501904e-53
1.609515505675566658e+02 1.214969636961263456e-53
1.607449643245909670e+02 3.530794603463022378e-54
1.605389077213521318e+02 1.016100876397778795e-54
1.603333787236357182e+02 2.895731595245273444e-55
1.601283753076409653e+02 8.172156269903752587e-56
1.599238954599046281e+02 2.283871576331451715e-56
1.597199371772347547e+02 6.320670371279862642e-57
1.595164984666455439e+02 1.732251091879133006e-57
1.593135773452922592e+02 4.701263405298851455e-58
1.591111718404068824e+02 1.263496873600164154e-58
1.589092799892341361e+02 3.362710011059531691e-59
1.587078998389680748e+02 8.862579392136038387e-60
1.585070294466891596e+02 2.313056073651440115e-60
1.583066668793016447e+02 5.978156961715500739e-61
1.581068102134717321e+02 1.530042275228899518e-61
1.579074575355658681e+02 3.877879872299048015e-62
1.577086069415898066e+02 9.732847546131825117e-63
1.575102565371279297e+02 2.419022940840812409e-63
1.573124044372830213e+02 5.953802221118182584e-64
1.571150487666167237e+02 1.451118999820736914e-64
1.569181876590900799e+02 3.502399826863556717e-65
1.567218192580048992e+02 8.371096573272855494e-66
1.565259417159452653e+02 1.981311617887960086e-66
1.563305531947196982e+02 4.643836251869984377e-67
1.561356518653035437e+02 1.077840660190159976e-67
1.559412359077820156e+02 2.477340266915037153e-68
1.557473035112934383e+02 5.638584296634729664e-69
1.555538528739730850e+02 1.270889220605190942e-69
1.553608822028974146e+02 2.836602013033973554e-70
1.551683897140285637e+02 6.269632736480169315e-71
1.549763736321594934e+02 1.372267174336277227e-71
1.547848321908593334e+02 2.974322280505046541e-72
1.545937636324192397e+02 6.383958426008966908e-73
1.544031662077986482e+02 1.356890039281878624e-73
1.542130381765718425e+02 2.855957510939199411e-74
1.540233778068750894e+02 5.952661953058238673e-75
1.538341833753539163e+02 1.228635324767203365e-75
1.536454531671110146e+02 2.511232864211603913e-76
1.534571854756544269e+02 5.082800913179672626e-77
1.532693786028460181e+02 1.018758515579699652e-77
1.530820308588505441e+02 2.022047537537305895e-78
1.528951405620848902e+02 3.974324709512975028e-79
1.527087060391677085e+02 7.735477529128744338e-80
1.525227256248696222e+02 1.490948457069837099e-80
1.523371976620635166e+02 2.845704325305288286e-81
1.521521205016754266e+02 5.378590576955366074e-82
1.519674925026355652e+02 1.006696816019005560e-82
1.517833120318298938e+02 1.865865469680278084e-83
1.515995774640519471e+02 3.424627298374456951e-84
1.514162871819550560e+02 6.224401319869658914e-85
1.512334395760047983e+02 1.120296749482374202e-85
1.510510330444320175e+02 1.996731720086924750e-86
1.508690659931860125e+02 3.524174829464144748e-87
1.506875368358879541e+02 6.159510437405188296e-88
1.505064439937850693e+02 1.066070450711032715e-88
1.503257858957045698e+02 1.827159726639716853e-89
1.501455609780084330e+02 3.101115630744313207e-90
1.499657676845482399e+02 5.212069325189603895e-91
1.497864044666202687e+02 8.674673270967900714e-92
1.496074697829211573e+02 1.429705967978337135e-92
1.494289620995037637e+02 2.333409374006107883e-93
1.492508798897331701e+02 3.771253226264268962e-94
1.490732216342434242e+02 6.035745848284258374e-95
1.488959858208940261e+02 9.565917535673538633e-96
1.487191709447272956e+02 1.501318050209258438e-96
1.485427755079255974e+02 2.333292106565225339e-97
1.483667980197691065e+02 3.591003246288221092e-98
1.481912369965938581e+02 5.472839505385828923e-99
1.480160909617499669e+02 8.259615013052339798e-100
1.478413584455603313e+02 1.234403162126429650e-100
1.476670379852793644e+02 1.826856036868652006e-101
1.474931281250523512e+02 2.677328453095134078e-102
1.473196274158748338e+02 3.885518344621889098e-103
1.471465344155523383e+02 5.584010263623817719e-104
1.469738476886605270e+02 7.946819317274774266e-105
1.468015658065053799e+02 1.119928534234014432e-105
1.466296873470838875e+02 1.562921176164547281e-106
1.464582108950448855e+02 2.159899728286776871e-107
1.462871350416502310e+02 2.955832418297613150e-108
1.461164583847362337e+02 4.005674774325601046e-109
1.459461795286753159e+02 5.375528618509048101e-110
1.457762970843379264e+02 7.143585431808015274e-111
1.456068096690549112e+02 9.400713912133887228e-112
1.454377159065798253e+02 1.225053105054239072e-112
1.452690144270518999e+02 1.580878300836947803e-113
1.451007038669587530e+02 2.020186028228803697e-114
1.449327828690999524e+02 2.556428487035403144e-115
1.447652500825503523e+02 3.203503869619595050e-116
1.445981041626239119e+02 3.975265468161693256e-117
1.444313437708377421e+02 4.884906524924231598e-118
1.442649675748763514e+02 5.944229622509574441e-119
1.440989742485562033e+02 7.162820310278442127e-120
1.439333624717903888e+02 8.547156472883655346e-121
1.437681309305537525e+02 1.009969673958910285e-121
1.436032783168480194e+02 1.181800187274467268e-122
1.434388033286674045e+02 1.369395130238742255e-123
1.432747046699642226e+02 1.571312153316745996e-124
1.431109810506149245e+02 1.785439292555707054e-125
1.429476311863862463e+02 2.008984553213870946e-126
1.427846537989016156e+02 2.238499288330576688e-127
1.426220476156078689e+02 2.469938505741217697e-128
1.424598113697420843e+02 2.698758985329055130e-129
1.422979438002986683e+02 2.920053484296732767e-130
1.421364436519967569e+02 3.128716549079993927e-131
1.419753096752476154e+02 3.319634773618826573e-132
1.418145406261226356e+02 3.487891996302892606e-133
1.416541352663211342e+02 3.628978153164910310e-134
1.414940923631386340e+02 3.738989506193967933e-135
1.413344106894353160e+02 3.814807883388542371e-136
1.411750890236045564e+02 3.854247459680602643e-137
1.410161261495419183e+02 3.856159439906862295e-138
1.408575208566140304e+02 3.820487648033601200e-139
1.406992719396280620e+02 3.748271268922136673e-140
1.405413781988009703e+02 3.641594555929911031e-141
1.403838384397294305e+02 3.503486900860683281e-142
1.402266514733594533e+02 3.337779952099610630e-143
1.400698161159567121e+02 3.148931182753741676e-144
1.399133311890766436e+02 2.941825234049787435e-145
1.397571955195349744e+02 2.721565351942751083e-146
1.396014079393785323e+02 2.493267252081792167e-147
1.394459672858559713e+02 2.261866838607249423e-148
1.392908724013888957e+02 2.031951498738808974e-149
1.391361221335430969e+02 1.807622395494618060e-150
1.389817153350001320e+02 1.592392523879126872e-151
1.388276508635287598e+02 1.389122532964423600e-152
1.386739275819569457e+02 1.199993685725612186e-153
1.385205443581438658e+02 1.026515032265058219e-154
1.383675000649520257e+02 8.695600597964012660e-156
1.382147935802196628e+02 7.294268425209068154e-157
1.380624237867334614e+02 6.059150718044816993e-158
1.379103895722011259e+02 4.984132703546203847e-159
1.377586898292244086e+02 4.059899059183977968e-160
1.376073234552721942e+02 3.274829113594873251e-161
1.374562893526538687e+02 2.615831636403208997e-162
1.373055864284926031e+02 2.069086478010727353e-163
1.371552135946992337e+02 1.620672180723797690e-164
1.370051697679458300e+02 1.257069715638641371e-165
1.368554538696398879e+02 9.655420073028862451e-167
1.367060648258983520e+02 7.343964635654675239e-168
1.365570015675220077e+02 5.531431604908697684e-169
1.364082630299699019e+02 4.125646893506742989e-170
1.362598481533341328e+02 3.047151679767636943e-171
1.361117558823144691e+02 2.228658742561846466e-172
1.359639851661935666e+02 1.614137505384779483e-173
1.358165349588119568e+02 1.157670352816742128e-174
1.356694042185434057e+02 8.221985269062403685e-176
1.355225919082703854e+02 5.782502781625230831e-177
1.353760969953597737e+02 4.027192158618911356e-178
1.352299184516384969e+02 2.777385566936261996e-179
1.350840552533696268e+02 1.896781429161517147e-180
1.349385063812283647e+02 1.282760771309660303e-181
1.347932708202783658e+02 8.590556362141774994e-183
1.346483475599481494e+02 5.696972554746700349e-184
1.345037355940075940e+02 3.741227786552697172e-185
1.343594339205447170e+02 2.432939658952183843e-186
1.342154415419425391e+02 1.566735418329057081e-187
1.340717574648560060e+02 9.990957154614318855e-189
1.339283807001893081e+02 6.309073951486419054e-190
1.337853102630729722e+02 3.945219769074765968e-191
1.336425451728414941e+02 2.443001983526467426e-192
1.335000844530108566e+02 1.498040138425662458e-193
1.333579271312562469e+02 9.096410843572257979e-195
1.332160722393899732e+02 5.469701761641333962e-196
1.330745188133394663e+02 3.256898052668278440e-197
1.329332658931254514e+02 1.920399552272940070e-198
1.327923125228402341e+02 1.121310573662348765e-199
1.326516577506261569e+02 6.483464017054294312e-201
1.325113006286541406e+02 3.712232209319271033e-202
1.323712402131024248e+02 2.104795870705459572e-203
1.322314755641353656e+02 1.181766369828809600e-204
1.320920057458825170e+02 6.570524556504908321e-206
1.319528298264175987e+02 3.617555540860407725e-207
1.318139468777378625e+02 1.972318727891110855e-208
1.316753559757434289e+02 1.064843275439060278e-209
1.315370562002166821e+02 5.692997161897776915e-211
1.313990466348021187e+02 3.013997585118425726e-212
1.312613263669859407e+02 1.580125087527361671e-213
1.311238944880759902e+02 8.203263279349748817e-215
1.309867500931817403e+02 4.217241032554819941e-216
1.308498922811945135e+02 2.146924470443624469e-217
1.307133201547676720e+02 1.082309963216697773e-218
1.305770328202970347e+02 5.402976426208808916e-220
1.304410293879013523e+02 2.670920697035463422e-221
1.303053089714030079e+02 1.307481032769580682e-222
1.301698706883086629e+02 6.338058789991305868e-224
1.300347136597902988e+02 3.042450842361795090e-225
1.298998370106659763e+02 1.446229768310210116e-226
1.297652398693811620e+02 6.807653179662318807e-228
1.296309213679898846e+02 3.173247352164806280e-229
1.294968806421359773e+02 1.464727341210682680e-230
1.293631168310346595e+02 6.695083346809763669e-232
1.292296290774540921e+02 3.030410797247340339e-233
1.290964165276970448e+02 1.358292549979650228e-234
1.289634783315826496e+02 6.028807399294878991e-236
1.288308136424284100e+02 2.649816245025015196e-237
1.286984216170321247e+02 1.153310761273001839e-238
1.285663014156541522e+02 4.970764047074508539e-240
1.284344522019995338e+02 2.121515217136871760e-241
1.283028731432003724e+02 8.966342686317237189e-243
1.281715634097983525e+02 3.752586184692359266e-244
1.280405221757272898e+02 1.555221167226975086e-245
1.279097486182957368e+02 6.382631392030283518e-247
1.277792419181698875e+02 2.593901454017713141e-248
1.276490012593563534e+02 1.043886463629737334e-249
1.275190258291852530e+02 4.160055508779912411e-251
1.273893148182932151e+02 1.641689546913223569e-252
1.272598674206066534e+02 6.415477257509583224e-254
1.271306828333250252e+02 2.482635252740369419e-255
1.270017602569042765e+02 9.513555574101536108e-257
1.268730988950403002e+02 3.610096212681889076e-258
1.267446979546525938e+02 1.356565134911860478e-259
1.266165566458678455e+02 5.047873532351208803e-261
1.264886741820039333e+02 1.860039653379374527e-262
1.263610497795536673e+02 6.787062446818518443e-264
1.262336826581688314e+02 2.452377794959967464e-265
1.261065720406442949e+02 8.774831303486893549e-267
1.259797171529022251e+02 3.109109589392855039e-268
1.258531172239763123e+02 1.090885379870620101e-269
1.257267714859961671e+02 3.790251535567729095e-271
1.256006791741718445e+02 1.304075532600307320e-272
1.254748395267783820e+02 4.443070941968726749e-274
1.253492517851404386e+02 1.499027219444318682e-275
1.252239151936170600e+02 5.008198618268290010e-277
1.250988289995865728e+02 1.656911480079686629e-278
1.249739924534314355e+02 5.428286879360677407e-280
1.248494048085233175e+02 1.761051197047926907e-281
1.247250653212082341e+02 5.657529954137727265e-283
1.246009732507916681e+02 1.799813132065249411e-284
1.244771278595239750e+02 5.669876887209540840e-286
1.243535284125856322e+02 1.768746056524253412e-287
1.242301741780728435e+02 5.463902836849913390e-289
1.241070644269829728e+02 1.671421803788059035e-290
1.239841984332002482e+02 5.063079606367614637e-292
