# Wavelength (nm) Cross-section (cm^2 molecule^-1)
1.239841984332002539e+04 1.078899571075886466e-245
1.128154671821658303e+04 2.369894258779301807e-244
1.034926531161938692e+04 5.197074755799704499e-243
9.559305970177350900e+03 1.136340292510141604e-241
8.881389572578815205e+03 2.474793941778956043e-240
8.293257420280951919e+03 5.364173666559401792e-239
7.778180579247192327e+03 1.156428390590393252e-237
7.323343085245141992e+03 2.478315674470071166e-236
6.918761073281262725e+03 5.277467600391133364e-235
6.556541429571668232e+03 1.116260433866351225e-233
6.230361730311570682e+03 2.344449825451332828e-232
5.935098058075645895e+03 4.888054255428902494e-231
5.666553858921400206e+03 1.011465463861046081e-229
5.421259223139494679e+03 2.076823597880540406e-228
5.196320135507135092e+03 4.230641381727618815e-227
4.989303759887333399e+03 8.548789376939325606e-226
4.798150094164096117e+03 1.713311533745652865e-224
4.621103184241530471e+03 3.405253849163057055e-223
4.456657024917334638e+03 6.711163767029922035e-222
4.303512614828193364e+03 1.311414499204070488e-220
4.160543571583900302e+03 2.540614263093055311e-219
4.026768380422222435e+03 4.879333956552297899e-218
3.901327829867849232e+03 9.289130322479506417e-217
3.783466537479409908e+03 1.752890161410914280e-215
3.672517726101903008e+03 3.278493920841573641e-214
3.567890602394251800e+03 6.077306884335488016e-213
3.469059833049810550e+03 1.116462302221992909e-211
3.375556722929491571e+03 2.032608786275279101e-210
3.286961782428426886e+03 3.667099026374234927e-209
3.202898435370711923e+03 6.555928754779164899e-208
3.123027668342575453e+03 1.161377597503410561e-206
3.047043461125589602e+03 2.038573130381569307e-205
2.974668868358930922e+03 3.545518773653588850e-204
2.905652646665109842e+03 6.109727639872411701e-203
2.839766340659648449e+03 1.043136725542437682e-201
2.776801756622625817e+03 1.764523543575003254e-200
2.716568764969330459e+03 2.957132049038823869e-199
2.658893382654948255e+03 4.909777953551989660e-198
2.603616094775309648e+03 8.075924843413392499e-197
2.550590381263119525e+03 1.315994006098043730e-195
2.499681420024198815e+03 2.124414261193448260e-194
2.450764942344341762e+03 3.397355840267058633e-193
2.403726220108574125e+03 5.382111503139738323e-192
2.358459167456729119e+03 8.446326072532627558e-191
2.314865542068712330e+03 1.313047761516156312e-189
2.272854233422552170e+03 2.022018330484023035e-188
2.232340627173212852e+03 3.084439093502104113e-187
2.193246036320542316e+03 4.660674786774924973e-186
2.155497191119614854e+03 6.975865499537378687e-185
2.119025780775939893e+03 1.034235755611086293e-183
2.083768040894121441e+03 1.518828824772889142e-182
2.049664381438258260e+03 2.209336369817631871e-181
2.016659050637609880e+03 3.183278803031200878e-180
1.984699830850011949e+03 4.543009236539909961e-179
1.953737762893164927e+03 6.421923492614307249e-178
1.923726895782780957e+03 8.991576063226429138e-177
1.894624059187045532e+03 1.246959885219418263e-175
1.866388656227611818e+03 1.712821198569261668e-174
1.838982474535749816e+03 2.330298319853670098e-173
1.812369513714372943e+03 3.140133759860632745e-172
1.786515827567726774e+03 4.191015008080391554e-171
1.761389379644839210e+03 5.540157981469600292e-170
1.736959910804150468e+03 7.253614623851146208e-169
1.713198817648200247e+03 9.406191941727442646e-168
1.690079040801530027e+03 1.208086284546397409e-166
1.667574962114327491e+03 1.536755055627707339e-165
1.645662309970802198e+03 1.936118052001532924e-164
1.624318071966464686e+03 2.415891880764136221e-163
1.603520414293847125e+03 2.985655516377995819e-162
1.583248607243011747e+03 3.654404230920155016e-161
1.563482956282474788e+03 4.430026942788054990e-160
1.544204738238887103e+03 5.318722385375761284e-159
1.525396142140750953e+03 6.324377588334455851e-158
1.507040214333296035e+03 7.447940076996825393e-157
1.489120807509011001e+03 8.686822140491890323e-156
1.471622533331753630e+03 1.003438064037036040e-154
1.454530718362274229e+03 1.147951829237153025e-153
1.437831363019833589e+03 1.300645143633912935e-152
1.421511103338686553e+03 1.459468451724338057e-151
1.405557175299855544e+03 1.621922265460249904e-150
1.389957381538119307e+03 1.785104098698282080e-149
1.374700060241714709e+03 1.945781357373421697e-148
1.359774056078090098e+03 2.100488655944972839e-147
1.345168692993384411e+03 2.245646144639815950e-146
1.330873748746245610e+03 2.377693629918979466e-145
1.316879431048329934e+03 2.493233722659154162e-144
1.303176355194452981e+03 2.589176115127994948e-143
1.289755523075005158e+03 2.662874500987218496e-142
1.276608303471995896e+03 2.712247699651013764e-141
1.263726413548060691e+03 2.735877257566309427e-140
1.251101901445007570e+03 2.733075141259349129e-139
1.238727129915078876e+03 2.703917014391286308e-138
1.226594760914129665e+03 2.649238853149824827e-137
1.214697741091410080e+03 2.570597110560263347e-136
1.203029288115663121e+03 2.470195079854981621e-135
1.191582877781837851e+03 2.350780320527713950e-134
1.180352231846917675e+03 2.215519812345313183e-133
1.169331306547205941e+03 2.067860749064352241e-132
1.158514281752945635e+03 1.911385487944727374e-131
1.147895550719380026e+03 1.749669109845898512e-130
1.137469710396332630e+03 1.586147357392893722e-129
1.127231552261116803e+03 1.424001500880342265e-128
1.117176053642099760e+03 1.266065071553921892e-127
1.107298369502547530e+03 1.114755563645538623e-126
1.097593824656517654e+03 9.720323113680684690e-126
1.088057906390524295e+03 8.393799556329228962e-125
1.078686257466506277e+03 7.178153626854076111e-124
1.069474669483310890e+03 6.079146418809815675e-123
1.060419076575438112e+03 5.098560892938519570e-122
1.051515549429227576e+03 4.234744720856813011e-121
1.042760289597983501e+03 3.483220416540861193e-120
1.034149624098759205e+03 2.837319669154513505e-119
1.025680000274654503e+03 2.288804372209324687e-118
1.017347980907526448e+03 1.828444115944353576e-117
1.009150239566988716e+03 1.446528010655336495e-116
1.001083556182480720e+03 1.133296856200931826e-115
9.931448128260192334e+02 8.792892243610092259e-115
9.853309896940335193e+02 6.756015077235514728e-114
9.776391612774028772e+02 5.140671275461118998e-113
9.700664927094924224e+02 3.873637735078960632e-112
9.626102362826104581e+02 2.890598079437415108e-111
9.552677281238942442e+02 2.136119552931071494e-110
9.480363850221763187e+02 1.563263362034956613e-109
9.409137013978921686e+02 1.132940523657347253e-108
9.338972464085586580e+02 8.131114331770444422e-108
9.269846611828055529e+02 5.779105928185712767e-107
9.201736561763414102e+02 4.067602603146743820e-106
9.134620086436325437e+02 2.835197415451713303e-105
9.068475602194282601e+02 1.957017356113829036e-104
9.003282146046055914e+02 1.337741814079325388e-103
8.939019353511191639e+02 9.055571261894903617e-103
8.875667437411427727e+02 6.070507630226624830e-102
8.813207167557593493e+02 4.029948163279694547e-101
8.751619851288221525e+02 2.649347331270678722e-100
8.690887314818467075e+02 1.724817004356788502e-99
8.630991885360267588e+02 1.112017307800890847e-98
8.571916373976786190e+02 7.099768306374978130e-98
8.513644059136183841e+02 4.488907247717790169e-97
8.456158670931675942e+02 2.810610329910647253e-96
8.399444375936606093e+02 1.742705190829877831e-95
8.343485762664887488e+02 1.070065167446863549e-94
8.288267827608813150e+02 6.506677563848523696e-94
8.233775961827615220e+02 3.918057873884277151e-93
8.179995938061637162e+02 2.336386349337884737e-92
8.126913898348205976e+02 1.379686713050985259e-91
8.074516342116589840e+02 8.068226323655053294e-91
8.022790114740536183e+02 4.672369669491293719e-90
7.971722396528016361e+02 2.679523824791650636e-89
7.921300692128817218e+02 1.521735339887446669e-88
7.871512820341580436e+02 8.558181350746350729e-88
7.822346904302854682e+02 4.766334095141268437e-87
7.773791362041522461e+02 2.628741613561500872e-86
7.725834897382866302e+02 1.435725894694296718e-85
7.678466491187232350e+02 7.765245214643342096e-85
7.631675392909038464e+02 4.159092907809306391e-84
7.585451112462541232e+02 2.205980539761846403e-83
7.539783412381430026e+02 1.158681692137306312e-82
7.494662300259942640e+02 6.026786885535714964e-82
7.450078021463781397e+02 3.104320537551908370e-81
7.406021052099649751e+02 1.583456477941539081e-80
7.362482092232793320e+02 7.998423074091442296e-80
7.319452059342360144e+02 4.000931387656774324e-79
7.276922082004944059e+02 1.981874502805659307e-78
7.234883493797061647e+02 9.721859505676929614e-78
7.193327827407764516e+02 4.722592851965821589e-77
7.152246808952999118e+02 2.271796776047244667e-76
7.111632352483666182e+02 1.082221351114907367e-75
7.071476554679760511e+02 5.105287476160834566e-75
7.031771689723243526e+02 2.384962933414887064e-74
6.992510204342690940e+02 1.103316817406508738e-73
6.953684713023009181e+02 5.054472785050838032e-73
6.915287993373876816e+02 2.293022717406524255e-72
6.877312981650778738e+02 1.030143141245959803e-71
6.839752768422807776e+02 4.582931556954275641e-71
6.802600594381665360e+02 2.019043161664594739e-70
6.765849846286506590e+02 8.808544043507347230e-70
6.729494053039526307e+02 3.805562113739369539e-69
6.693526881887396485e+02 1.628131659188032622e-68
6.657942134743864244e+02 6.897887644132302002e-68
6.622733744629039165e+02 2.893999607978721182e-67
6.587895772221053221e+02 1.202365337298272561e-66
6.553422402516001739e+02 4.946863510259085650e-66
6.519307941592188627e+02 2.015481348754217654e-65
6.485546813474929877e+02 8.131728901778465602e-65
6.452133557098263736e+02 3.248943288417200955e-64
6.419062823360095535e+02 1.285453530663929867e-63
6.386329372267448434e+02 5.036461594362834416e-63
6.353928070168617523e+02 1.954111994152182764e-62
6.321853887069153188e+02 7.508065264676210448e-62
6.290101894028726974e+02 2.856677279842909962e-61
6.258667260636053697e+02 1.076338227049593370e-60
6.227545252559156097e+02 4.015972063826244614e-60
6.196731229168344726e+02 1.483839160217749977e-59
6.166220641229435842e+02 5.429215692601948312e-59
6.136009028664765310e+02 1.967167684046610344e-58
6.106092018379722504e+02 7.058291387747285291e-58
6.076465322152531598e+02 2.507908003816863580e-57
6.047124734585195256e+02 8.824240514861024476e-57
6.018066131113496340e+02 3.074657127166126628e-56
5.989285466074114765e+02 1.060888084855370357e-55
5.960778770826934760e+02 3.624898758902403932e-55
5.932542151930725822e+02 1.226522525927642040e-54
5.904571789370428405e+02 4.109683930574240885e-54
5.876863934834348129e+02 1.363623485346363706e-53
5.849414910039641882e+02 4.480573344702955875e-53
5.822221105104496246e+02 1.457893135591904444e-52
5.795278976965515767e+02 4.697542173180134474e-52
5.768585047838842002e+02 1.498885633719581281e-51
5.742135903723612955e+02 4.736080076506021297e-51
5.715928192946394120e+02 1.481911355458547457e-50
5.689958624745306679e+02 4.591747363759035500e-50
5.664223967892559131e+02 1.408919685384261737e-49
5.638721049354203387e+02 4.281016532508963373e-49
5.613446752985929606e+02 1.288130650561264992e-48
5.588398018263781069e+02 3.838178705221945982e-48
5.563571839048697711e+02 1.132511616758270227e-47
5.538965262383856043e+02 3.309118091738530065e-47
5.514575387323766336e+02 9.574892899465749549e-47
5.490399363794182364e+02 2.743516493611405396e-46
5.466434391481867578e+02 7.784543558344593787e-46
5.442677718753302543e+02 2.187311290906696056e-45
5.419126641601478696e+02 6.086110589881581359e-45
5.395778502619908750e+02 1.676952759498396904e-44
5.372630690003044265e+02 4.575657454811772703e-44
5.349680636572327330e+02 1.236339694869957962e-43
5.326925818827078274e+02 3.308062468378814778e-43
5.304363756019519087e+02 8.765185690046234578e-43
5.281992009253194738e+02 2.299852708227399026e-42
5.259808180604117069e+02 5.975721697647782248e-42
5.237809912263961678e+02 1.537560099563954428e-41
5.215994885704679973e+02 3.917646048226060946e-41
5.194360820863892059e+02 9.884839328784202536e-41
5.172905475350477218e+02 2.469820126270343188e-40
5.151626643669765144e+02 6.111000238132380131e-40
5.130522156467774266e+02 1.497305836145478804e-39
5.109589879793951468e+02 3.632954485517715887e-39
5.088827714381884562e+02 8.728921862638064065e-39
5.068233594947481038e+02 2.076885030828420676e-38
5.047805489504121397e+02 4.893453949027991264e-38
5.027541398694303894e+02 1.141746683572539694e-37
5.007439355137327652e+02 2.638002647893846986e-37
4.987497422792559405e+02 6.035759547623663933e-37
4.967713696337856959e+02 1.367539550639004209e-36
4.948086300562725910e+02 3.068309471083314364e-36
4.928613389775808287e+02 6.817258676198289284e-36
4.909293147226301812e+02 1.499932766722723761e-35
4.890123784538938594e+02 3.268024397528553133e-35
4.871103541162151487e+02 7.050994102197616441e-35
4.852230683829064333e+02 1.506492858915695054e-34
4.833503506030963308e+02 3.187392789263374205e-34
4.814920327502921964e+02 6.678147596446120315e-34
4.796479493721236622e+02 1.385570146116620152e-33
4.778179375412372565e+02 2.846775884880772496e-33
4.760018368073107808e+02 5.792025991375174010e-33
4.741994891501577172e+02 1.166971965998368958e-32
4.724107389338930716e+02 2.328323424697581084e-32
4.706354328621326886e+02 4.600229048634931624e-32
4.688734199341989779e+02 9.000553314376733909e-32
4.671245514023066789e+02 1.743865352391819255e-31
4.653886807297032533e+02 3.345885760960553202e-31
4.636656635497391221e+02 6.357175094309546921e-31
4.619553576258438738e+02 1.196114316329930894e-30
4.602576228123848523e+02 2.228626381031444810e-30
4.585723210163858425e+02 4.112051987437662129e-30
4.568993161600834014e+02 7.513416224674532229e-30
4.552384741443004827e+02 1.359485834360893219e-29
4.535896628126151882e+02 2.435966326823038297e-29
4.519527519163059992e+02 4.322433455502443084e-29
4.503276130800531973e+02 7.595336323835335845e-29
4.487141197683769747e+02 1.321687320444998482e-28
4.471121472527956939e+02 2.277587055916544606e-28
4.455215725796839479e+02 3.886758054157706010e-28
4.439422745388149565e+02 6.568530252989771227e-28
4.423741336325694533e+02 1.099307589888725922e-27
4.408170320457948037e+02 1.821977381970519057e-27
4.392708536162984956e+02 2.990488723804997284e-27
4.377354838059604845e+02 4.860935043998188252e-27
4.362108096724492157e+02 7.824909495662691529e-27
4.346967198415266580e+02 1.247453873498986063e-26
4.331931044799281381e+02 1.969516450149337337e-26
4.316998552688030486e+02 3.079565702012793625e-26
4.302168653777030158e+02 4.768913796363577822e-26
4.287440294391045086e+02 7.314011908019006281e-26
4.272812435234525879e+02 1.110976448895229300e-25
4.258284051147143714e+02 1.671378035228874431e-25
4.243854130864290255e+02 2.490426780457608807e-25
4.229521676782432564e+02 3.675460740080476528e-25
4.215285704729209328e+02 5.372786756448920226e-25
4.201145243738148451e+02 7.779460335221351148e-25
4.187099335827909385e+02 1.115771260632375135e-24
4.173147035785938215e+02 1.585229765935607570e-24
4.159287410956430904e+02 2.231095086693890991e-24
4.145519541032508073e+02 3.110802361603531721e-24
4.131842517852509218e+02 4.297118993439297371e-24
4.118255445200300642e+02 5.881090832194760999e-24
4.104757438609510132e+02 7.975207650185140716e-24
4.091347625171602544e+02 1.071670543076978978e-23
4.078025143347704216e+02 1.427089755139858918e-23
4.064789142784087517e+02 1.883440564439306093e-23
4.051638784131245643e+02 2.463814780169687965e-23
4.038573238866457586e+02 3.194994131202385063e-23
4.025591689119784746e+02 4.107659373297424670e-23
4.012693327503405953e+02 5.236539368876940511e-23
3.999877356944228382e+02 6.620497400474463895e-23
3.987142990519688510e+02 8.302560540811625404e-23
3.974489451296689708e+02 1.032990873267780595e-22
3.961915972173587193e+02 1.275385287178127571e-22
3.949421795725169204e+02 1.562984488107460811e-22
3.937006174050559935e+02 1.901757649611903287e-22
3.924668368623982815e+02 2.298123603750649305e-22
3.912407650148319362e+02 2.759000254289623416e-22
3.900223298411407313e+02 3.291886305512548611e-22
3.888114602145014942e+02 3.904984063502149908e-22
3.876080858886429610e+02 4.607371719361706120e-22
3.864121374842617911e+02 5.409232642168578791e-22
3.852235464756881811e+02 6.322147838505558304e-22
3.840422451777978381e+02 7.359455971415077811e-22
3.828681667331632070e+02 8.536683309328586454e-22
3.817012450994404276e+02 9.872043847151549864e-22
3.805414150369854838e+02 1.138700774994112607e-21
3.793886120966959652e+02 1.310693431906534530e-21
3.782427726080729826e+02 1.506176391276715469e-21
3.771038336674987477e+02 1.728676163029940654e-21
3.759717331267254394e+02 1.982330397373210535e-21
3.748464095815704695e+02 2.271969795283913160e-21
3.737278023608146214e+02 2.603201998507460664e-21
3.726158515152979476e+02 2.982495927282555545e-21
3.715104978072101289e+02 3.417264699867276490e-21
3.704116826995705196e+02 3.915944868368797571e-21
3.693193483458944684e+02 4.488069259708085820e-21
3.682334375800422777e+02 5.144330257658812343e-21
3.671538939062460827e+02 5.896629958878717829e-21
3.660806614893121491e+02 6.758113352923857550e-21
3.650136851449943833e+02 7.743180587968446038e-21
3.639529103305355306e+02 8.867474557645714095e-21
3.628982831353731626e+02 1.014784052704513261e-20
3.618497502720063039e+02 1.160225532161092171e-20
3.608072590670204249e+02 1.324972470325293049e-20
3.597707574522669915e+02 1.511014887820552132e-20
3.587401939561941049e+02 1.720415750129977641e-20
3.577155176953267528e+02 1.955291690715854142e-20
3.566966783658915574e+02 2.217791343973459400e-20
3.556836262355850522e+02 2.510071750444281638e-20
3.546763121354814530e+02 2.834273320394722715e-20
3.536746874520773645e+02 3.192493807367844473e-20
3.526787041194716039e+02 3.586761652516259144e-20
3.516883146116759349e+02 4.019008925021392212e-20
3.507034719350556884e+02 4.491043924978716640e-20
3.497241296208965196e+02 5.004523362114697394e-20
3.487502417180958219e+02 5.560923910774888663e-20
3.477817627859754452e+02 6.161512903207982406e-20
3.468186478872142970e+02 6.807317988429036103e-20
3.458608525808978129e+02 7.499095771101094735e-20
3.449083329156820810e+02 8.237299756153475741e-20
3.439610454230711980e+02 9.022048343034802129e-20
3.430189471108043904e+02 9.853094100737641809e-20
3.420819954563520469e+02 1.072979605437265017e-19
3.411501484005179350e+02 1.165109715546172868e-19
3.402233643411454977e+02 1.261550941433191107e-19
3.393016021269265821e+02 1.362110927055300782e-19
3.383848210513106665e+02 1.466554560704599760e-19
3.374729808465125416e+02 1.574606234049766619e-19
3.365660416776161696e+02 1.685953674300089805e-19
3.356639641367740978e+02 1.800253360286428757e-19
3.347667092374992990e+02 1.917137408971836120e-19
3.338742384090487576e+02 2.036221685715928664e-19
3.329865134908960727e+02 2.157114762598389589e-19
3.321034967272928498e+02 2.279427238407133142e-19
3.312251507619155859e+02 2.402780855156189129e-19
3.303514386325977057e+02 2.526816810716900570e-19
3.294823237661447024e+02 2.651202683184885142e-19
3.286177699732307929e+02 2.775637453045203931e-19
3.277577414433758918e+02 2.899854231674320390e-19
3.269022027400011439e+02 3.023620471365667000e-19
3.260511187955615355e+02 3.146735630060538393e-19
3.252044549067547337e+02 3.269026476640012408e-19
3.243621767298038776e+02 3.390340431014103868e-19
3.235242502758140972e+02 3.510537517880653800e-19
3.226906419062001987e+02 3.629481655873731908e-19
3.218613183281852343e+02 3.747032090021043769e-19
3.210362465903683074e+02 3.863035794775853940e-19
3.202153940783600774e+02 3.977321622884582480e-19
3.193987285104854550e+02 4.089696853732282718e-19
3.185862179335514952e+02 4.199946611538070983e-19
3.177778307186800930e+02 4.307836392498094834e-19
3.169735355572037747e+02 4.413117679017918882e-19
3.161733014566232782e+02 4.515536350156630702e-19
3.153770977366272064e+02 4.614843343565532570e-19
3.145848940251706267e+02 4.710806808618214095e-19
3.137966602546132435e+02 4.803224834136505308e-19
3.130123666579152655e+02 4.891937754384718874e-19
3.122319837648901739e+02 4.976839045747979839e-19
3.114554823985134817e+02 5.057883929057124787e-19
3.106828336712863461e+02 5.135094986760758764e-19
3.099140089816533532e+02 5.208564380182276332e-19
3.091489800104731103e+02 5.278452592478020007e-19
3.083877187175411336e+02 5.344984003429062006e-19
3.076301973381640096e+02 5.408439993328876587e-19
3.068763883797837480e+02 5.469150642113298471e-19
3.061262646186519873e+02 5.527486402760100539e-19
3.053797990965522899e+02 5.583851352970879583e-19
3.046369651175710374e+02 5.638679739049519169e-19
3.038977362449145403e+02 5.692437500943036826e-19
3.031620862977730440e+02 5.745630297560860911e-19
3.024299893482296966e+02 5.798819238025028818e-19
3.017014197182145381e+02 5.852645080787197878e-19
3.009763519765020874e+02 5.907861113666325480e-19
3.002547609357524721e+02 5.965374309180463850e-19
2.995366216495947356e+02 6.026293704157537140e-19
2.988219094097521520e+02 6.091984327883663633e-19
2.981105997432081267e+02 6.164124446548950753e-19
2.974026684094131951e+02 6.244763446933878674e-19
2.966980913975310159e+02 6.336377384368669375e-19
2.959968449237239838e+02 6.441919092557669531e-19
2.952989054284767576e+02 6.564859805400967812e-19
2.946042495739581000e+02 6.709219467958523658e-19
2.939128542414191543e+02 6.879583295202731411e-19
2.932246965286291243e+02 7.081102640844594534e-19
2.925397537473461966e+02 7.319478823016880268e-19
2.918580034208240477e+02 7.600929173156690702e-19
2.911794232813533654e+02 7.932135183618944761e-19
2.905039912678372502e+02 8.320173188093603701e-19
2.898316855234004947e+02 8.772428485799013011e-19
2.891624843930318320e+02 9.296494196951205607e-19
2.884963664212589833e+02 9.900056408181757760e-19
2.878333103498554806e+02 1.059076734100789832e-18
2.871732951155793785e+02 1.137610837457891413e-18
2.865162998479427188e+02 1.226324480490196346e-18
2.858623038670115761e+02 1.325887426038581820e-18
2.852112866812363450e+02 1.436907075181420106e-18
2.845632279853115847e+02 1.559912644338677683e-18
2.839181076580646277e+02 1.695339341168657557e-18
2.832759057603734618e+02 1.843512792148044865e-18
2.826366025331120113e+02 2.004634008819468070e-18
2.820001783951240668e+02 2.178765219998790016e-18
2.813666139412237612e+02 2.365816940771454970e-18
2.807358899402233874e+02 2.565536691740649721e-18
2.801079873329874772e+02 2.777499818722819711e-18
2.794828872305131426e+02 3.001102888402082433e-18
2.788605709120358256e+02 3.235560143757015721e-18
2.782410198231603431e+02 3.479903489148532707e-18
2.776242155740170006e+02 3.732986434501834047e-18
2.770101399374418634e+02 3.993492358138108973e-18
2.763987748471816417e+02 4.259947347531286021e-18
2.757901023961212559e+02 4.530737747906007010e-18
2.751841048345361287e+02 4.804132394056770871e-18
2.745807645683666465e+02 5.078309327599583842e-18
2.739800641575150166e+02 5.351386619063252832e-18
2.733819863141653173e+02 5.621456732777542903e-18
2.727865139011248630e+02 5.886623704610410587e-18
2.721936299301871713e+02 6.145042260635181429e-18
2.716033175605167003e+02 6.394957900121530346e-18
2.710155600970539922e+02 6.634746907878477476e-18
2.704303409889420209e+02 6.862955254458819295e-18
2.698476438279725471e+02 7.078335389092785702e-18
2.692674523470523695e+02 7.279880025451066964e-18
2.686897504186898686e+02 7.466852155351299671e-18
2.681145220535005365e+02 7.638810686733190823e-18
2.675417513987317193e+02 7.795631272743335318e-18
2.669714227368064030e+02 7.937522060170405207e-18
2.664035204838853588e+02 8.065034219960033894e-18
2.658380291884479902e+02 8.179067215316342931e-18
2.652749335298905748e+02 8.280868804435211007e-18
2.647142183171429792e+02 8.372029762818943812e-18
2.641558684873023708e+02 8.454473250337315386e-18
2.635998691042846076e+02 8.530438655234381001e-18
2.630462053574919423e+02 8.602459643328562342e-18
2.624948625604985182e+02 8.673336053563246450e-18
2.619458261497512126e+02 8.746099241229579267e-18
2.613990816832878181e+02 8.823970506620712321e-18
2.608546148394703437e+02 8.910312382928408975e-18
2.603124114157346298e+02 9.008572806286597408e-18
2.597724573273555393e+02 9.122222553017677123e-18
2.592347386062271539e+02 9.254686788663393832e-18
2.586992413996583196e+02 9.409272098401957224e-18
2.581659519691832543e+02 9.589090912418111447e-18
2.576348566893862539e+02 9.796985745176785758e-18
2.571059420467416885e+02 1.003545607148858761e-17
2.565791946384674702e+02 1.030659090360939267e-17
2.560546011713930739e+02 1.061201016079507598e-17
2.555321484608413982e+02 1.095281770122665095e-17
2.550118234295239290e+02 1.132956840494075191e-17
2.544936131064498568e+02 1.174225097176041466e-17
2.539775046258480415e+02 1.219028717529208143e-17
2.534634852261023923e+02 1.267254726422672877e-17
2.529515422486998659e+02 1.318738011742391189e-17
2.524416631371915116e+02 1.373265574327886248e-17
2.519338354361657366e+02 1.430581687112976503e-17
2.514280467902341059e+02 1.490393580622548360e-17
2.509242849430294200e+02 1.552377248063164296e-17
2.504225377362154461e+02 1.616182976886440858e-17
2.499227931085090688e+02 1.681440264910363970e-17
2.494250390947136395e+02 1.747761863839507434e-17
2.489292638247641207e+02 1.814746803567666291e-17
2.484354555227833430e+02 1.881982376203048102e-17
2.479436025061499151e+02 1.949045186672172045e-17
2.474536931845765935e+02 2.015501493868706633e-17
2.469657160592001617e+02 2.080907160419890414e-17
2.464796597216815712e+02 2.144807590384925261e-17
2.459955128533169102e+02 2.206738056174177767e-17
2.455132642241589167e+02 2.266224796436221091e-17
2.450329026921485820e+02 2.322787207729286349e-17
2.445544172022570137e+02 2.375941360655902182e-17
2.440777967856374460e+02 2.425204955263636466e-17
2.436030305587870544e+02 2.470103702497227653e-17
2.431301077227184066e+02 2.510178990703252222e-17
2.426590175621408605e+02 2.544996580401319403e-17
2.421897494446511416e+02 2.574155976649619185e-17
2.417222928199334149e+02 2.597300063452893619e-17
2.412566372189687911e+02 2.614124552541763390e-17
2.407927722532535597e+02 2.624386799796079732e-17
2.403306876140267434e+02 2.627913573762145942e-17
2.398703730715064353e+02 2.624607416826344685e-17
2.394118184741349182e+02 2.614451313782063114e-17
2.389550137478322824e+02 2.597511467284059802e-17
2.384999488952587399e+02 2.573938067860580480e-17
2.380466139950853517e+02 2.543964031631864480e-17
2.375949992012729126e+02 2.507901757080446969e-17
2.371450947423592197e+02 2.466138020260906363e-17
2.366968909207541856e+02 2.419127184477761141e-17
2.362503781120431654e+02 2.367382945750351894e-17
2.358055467642980148e+02 2.311468870224639260e-17
2.353623873973959633e+02 2.251988005325261662e-17
2.349208906023461907e+02 2.189571864005902505e-17
2.344810470406238210e+02 2.124869091655642256e-17
2.340428474435115618e+02 2.058534128170307452e-17
2.336062826114486199e+02 1.991216172951753094e-17
2.331713434133869498e+02 1.923548747328550410e-17
2.327380207861545500e+02 1.856140126197859117e-17
2.323063057338259512e+02 1.789564877944324357e-17
2.318761893270997518e+02 1.724356708884925776e-17
2.314476627026829760e+02 1.661002756472979195e-17
2.310207170626821380e+02 1.599939416117301396e-17
2.305953436740012421e+02 1.541549722548499290e-17
2.301715338677463478e+02 1.486162241796095583e-17
2.297492790386366153e+02 1.434051368096120075e-17
2.293285706444219159e+02 1.385438865568429527e-17
2.289094002053066959e+02 1.340496451039419492e-17
2.284917593033803769e+02 1.299349184895318356e-17
2.280756395820537819e+02 1.262079423137596625e-17
2.276610327455017568e+02 1.228731086312255043e-17
2.272479305581118751e+02 1.199314018691615904e-17
2.268363248439391384e+02 1.173808241649375534e-17
2.264262074861666179e+02 1.152167945135627673e-17
2.260175704265718650e+02 1.134325106351350220e-17
2.256104056649990923e+02 1.120192670699671850e-17
2.252047052588372367e+02 1.109667272632256899e-17
2.248004613225033097e+02 1.102631509574047972e-17
2.243976660269316028e+02 1.098955808222286984e-17
2.239963115990682354e+02 1.098499938012033264e-17
2.235963903213710751e+02 1.101114231662707157e-17
2.231978945313151428e+02 1.106640569032195279e-17
2.228008166209032765e+02 1.114913170644138243e-17
2.224051490361817685e+02 1.125759234538460216e-17
2.220108842767615442e+02 1.138999438040113467e-17
2.216180148953440892e+02 1.154448317835957819e-17
2.212265334972526034e+02 1.171914539770756329e-17
2.208364327399680462e+02 1.191201075191775939e-17
2.204477053326699831e+02 1.212105313221405299e-17
2.200603440357825491e+02 1.234419156282081307e-17
2.196743416605249024e+02 1.257929166508370221e-17
2.192896910684664533e+02 1.282416849423074808e-17
2.189063851710869812e+02 1.307659174133310339e-17
2.185244169293410721e+02 1.333429432307167268e-17
2.181437793532272735e+02 1.359498528250292007e-17
2.177644655013616273e+02 1.385636767950302269e-17
2.173864684805558909e+02 1.411616176344803564e-17
2.170097814453997671e+02 1.437213321716837672e-17
2.166343975978477943e+02 1.462212568406523940e-17
2.162603101868103579e+02 1.486409619881140908e-17
2.158875125077489940e+02 1.509615160468324075e-17
2.155159979022758137e+02 1.531658362664926580e-17
2.151457597577570766e+02 1.552390004038265667e-17
2.147767915069209437e+02 1.571684937867184225e-17
2.144090866274690370e+02 1.589443687072081502e-17
2.140426386416922639e+02 1.605592981199635353e-17
2.136774411160903071e+02 1.620085128013957193e-17
2.133134876609952073e+02 1.632896198813592641e-17
2.129507719301986128e+02 1.644023102177308642e-17
2.125892876205830646e+02 1.653479715499208340e-17
2.122290284717566635e+02 1.661292328248515980e-17
2.118699882656918874e+02 1.667494716982807487e-17
2.115121608263677615e+02 1.672123213011055137e-17
2.111555400194156107e+02 1.675212134852422312e-17
2.108001197517686762e+02 1.676789937652606228e-17
2.104458939713150585e+02 1.676876381793346566e-17
2.100928566665541268e+02 1.675480947069299807e-17
2.097410018662565960e+02 1.672602623291584594e-17
2.093903236391276437e+02 1.668231100906063934e-17
2.090408160934738078e+02 1.662349274938321040e-17
2.086924733768730107e+02 1.654936871101195971e-17
2.083452896758477948e+02 1.645974912344855445e-17
2.079992592155419686e+02 1.635450674303182184e-17
2.076543762594004932e+02 1.623362734039597387e-17
2.073106351088523809e+02 1.609725701223147866e-17
2.069680301029968348e+02 1.594574235241076666e-17
2.066265556182925422e+02 1.577965994581835866e-17
2.062862060682499248e+02 1.559983233034486155e-17
2.059469759031265710e+02 1.540732846200028863e-17
2.056088596096254548e+02 1.520344775615252931e-17
2.052718517105964509e+02 1.498968789711600823e-17
2.049359467647403221e+02 1.476769773661668002e-17
2.046011393663161471e+02 1.453921766611299263e-17
2.042674241448510770e+02 1.430601077862375761e-17
2.039347957648533622e+02 1.406978886936745021e-17
2.036032489255279643e+02 1.383213780832829388e-17
2.032727783604948968e+02 1.359444701279861571e-17
2.029433788375104371e+02 1.335784763196432596e-17
2.026150451581910090e+02 1.312316362606269334e-17
2.022877721577397097e+02 1.289087919798565293e-17
2.019615547046754216e+02 1.266112505518510485e-17
2.016363877005647396e+02 1.243368480424323109e-17
2.013122660797561991e+02 1.220802148651988434e-17
2.009891848091174040e+02 1.198332294023022129e-17
2.006671388877743425e+02 1.175856341757788060e-17
2.003461233468534317e+02 1.153257778914626664e-17
2.000261332492260067e+02 1.130414381626295982e-17
1.997071636892551112e+02 1.107206743308080411e-17
1.993892097925448752e+02 1.083526579767064938e-17
1.990722667156921659e+02 1.059284306132287301e-17
1.987563296460407969e+02 1.034415435303232511e-17
1.984413938014376697e+02 1.008885433781582485e-17
1.981274544299917579e+02 9.826927813226842182e-18
1.978145068098349384e+02 9.558701068690600389e-18
1.975025462488853236e+02 9.284834046071230665e-18
1.971915680846127259e+02 9.006294603890261780e-18
1.968815676838063951e+02 8.724317305526517349e-18
1.965725404423449731e+02 8.440350042627313048e-18
1.962644817849684102e+02 8.155992410022522237e-18
1.959573871650523245e+02 7.872930035233795852e-18
1.956512520643841810e+02 7.592869029843608349e-18
1.953460719929418303e+02 7.317474394147595273e-18
1.950418424886739501e+02 7.048315616754252627e-18
1.947385591172825059e+02 6.786821931251748188e-18
1.944362174720074279e+02 6.534248798164562726e-18
1.941348131734130789e+02 6.291656251639121595e-18
1.938343418691768250e+02 6.059898862997046819e-18
1.935347992338795393e+02 5.839626294449393848e-18
1.932361809687981236e+02 5.631292798426177548e-18
1.929384828016997062e+02 5.435173595901502093e-18
1.926417004866380580e+02 5.251385856178548595e-18
1.923458298037516272e+02 5.079911997078315493e-18
1.920508665590635644e+02 4.920623207295093904e-18
1.917568065842836234e+02 4.773301426697091693e-18
1.914636457366116815e+02 4.637658460529476938e-18
1.911713798985433073e+02 4.513351399653698878e-18
1.908800049776768901e+02 4.399994020700127241e-18
1.905895169065227606e+02 4.297164301168435583e-18
1.902999116423137593e+02 4.204408567058243136e-18
1.900111851668177394e+02 4.121243067488380755e-18
1.897233334861518870e+02 4.047153927502432925e-18
1.894363526305982646e+02 3.981596465336301502e-18
1.891502386544215710e+02 3.923994784356227418e-18
1.888649876356882373e+02 3.873742383215779445e-18
1.885805956760871425e+02 3.830204298289852694e-18
1.882970589007521482e+02 3.792721031727971360e-18
1.880143734580860269e+02 3.760614258467610827e-18
1.877325355195860936e+02 3.733194075204693288e-18
1.874515412796713747e+02 3.709767376777371829e-18
1.871713869555113092e+02 3.689646835995515211e-18
1.868920687868559583e+02 3.672159928021928097e-18
1.866135830358678618e+02 3.656657477349857363e-18
1.863359259869552034e+02 3.642521303448583172e-18
1.860590939466066231e+02 3.629170683052187547e-18
1.857830832432274235e+02 3.616067511528390195e-18
1.855078902269772527e+02 3.602720210010106802e-18
1.852335112696092381e+02 3.588686567487449939e-18
1.849599427643104832e+02 3.573575810019461126e-18
1.846871811255440718e+02 3.557050240431701306e-18
1.844152227888923790e+02 3.538826785942421488e-18
1.841440642109018881e+02 3.518678729933009042e-18
1.838737018689291745e+02 3.496437796110425793e-18
1.836041322609883935e+02 3.471996612679307691e-18
1.833353519056001915e+02 3.445311428629590935e-18
1.830673573416416673e+02 3.416404803182045706e-18
1.828001451281979541e+02 3.385367861456887397e-18
1.825337118444147393e+02 3.352361620437723514e-18
1.822680540893525176e+02 3.317616850815991778e-18
1.820031684818417830e+02 3.281431958410441009e-18
1.817390516603395554e+02 3.244168443824701882e-18
1.814757002827872725e+02 3.206243625510577139e-18
1.812131110264696190e+02 3.168120479346709501e-18
1.809512805878750896e+02 3.130294643547969872e-18
1.806902056825571776e+02 3.093278845372982527e-18
1.804298830449971831e+02 3.057585209210128901e-18
1.801703094284679878e+02 3.023706088398359916e-18
1.799114816048992225e+02 2.992094211618654210e-18
1.796533963647432302e+02 2.963143037616480447e-18
1.793960505168425925e+02 2.937168261431375052e-18
1.791394408882984806e+02 2.914391406900957849e-18
1.788835643243402842e+02 2.894926373443705632e-18
1.786284176881964072e+02 2.878769683222752369e-18
1.783739978609660000e+02 2.865795004539083627e-18
1.781203017414918861e+02 2.855752318712026684e-18
1.778673262462345406e+02 2.848271863521218092e-18
1.776150683091472615e+02 2.842872741254760344e-18
1.773635248815521948e+02 2.838975839376188703e-18
1.771126929320175520e+02 2.835920492608356055e-18
1.768625694462358524e+02 2.832984131414218115e-18
1.766131514269031015e+02 2.829404025527253580e-18
1.763644358935992216e+02 2.824400150866860695e-18
1.761164198826691347e+02 2.817198187984132508e-18
1.758691004471052395e+02 2.807051699450160212e-18
1.756224746564305121e+02 2.793262626948848458e-18
1.753765395965829157e+02 2.775199386808531488e-18
1.751312923698004909e+02 2.752312012787424777e-18
1.748867300945076408e+02 2.724143982903610118e-18
1.746428499052022687e+02 2.690340558512794404e-18
1.743996489523437958e+02 2.650653645364428660e-18
1.741571244022422036e+02 2.604943346933935326e-18
1.739152734369480129e+02 2.553176511837843125e-18
1.736740932541431448e+02 2.495422674753266391e-18
1.734335810670325770e+02 2.431847852293416499e-18
1.731937341042371372e+02 2.362706682748036974e-18
1.729545496096870352e+02 2.288333394579196087e-18
1.727160248425161910e+02 2.209132057590505574e-18
1.724781570769576717e+02 2.125566518119423807e-18
1.722409436022397529e+02 2.038150351210593838e-18
1.720043817224830605e+02 1.947437084421466420e-18
1.717684687565983381e+02 1.854010865602797891e-18
1.715332020381851805e+02 1.758477666512646369e-18
1.712985789154316194e+02 1.661457041087024048e-18
1.710645967510144487e+02 1.563574396817486473e-18
1.708312529220004308e+02 1.465453694444731395e-18
1.705985448197482697e+02 1.367710468367706270e-18
1.703664698498114092e+02 1.270945059453597109e-18
1.701350254318415978e+02 1.175735972962329789e-18
1.699042089994933065e+02 1.082633314476933898e-18
1.696740180003288003e+02 9.921523112780356620e-19
1.694444498957240626e+02 9.047669889046828487e-19
1.692155021607755714e+02 8.209041349051715348e-19
1.689871722842075599e+02 7.409377358954358784e-19
1.687594577682804129e+02 6.651841125732794453e-19
1.685323561286993481e+02 5.938979944714348311e-19
1.683058648945242624e+02 5.272697685387334724e-19
1.680799816080800611e+02 4.654241025353725704e-19
1.678547038248676699e+02 4.084200880729176142e-19
1.676300291134759846e+02 3.562529739288040755e-19
1.674059550554943883e+02 3.088574750381640235e-19
1.671824792454258386e+02 2.661125544733255607e-19
1.669595992906009201e+02 2.278474930748355462e-19
1.667373128110924654e+02 1.938489917001505114e-19
1.665156174396307449e+02 1.638690001922098463e-19
1.662945108215194523e+02 1.376329388508378457e-19
1.660739906145524003e+02 1.148479736968992761e-19
1.658540544889308421e+02 9.521102505915162820e-20
1.656347001271812474e+02 7.841622684753842764e-20
1.654159252240740727e+02 6.416160664623627680e-20
1.651977274865429877e+02 5.215481893341093435e-20
1.649801046336046682e+02 4.211782956795030716e-20
1.647630543962793865e+02 3.379051382077672337e-20
1.645465745175121697e+02 2.693318817532035284e-20
1.643306627520944971e+02 2.132814455652637439e-20
1.641153168665866815e+02 1.678029255626705486e-20
1.639005346392409876e+02 1.311703987465600828e-20
1.636863138599250647e+02 1.018755398906315629e-20
1.634726523300462020e+02 7.861550278652841946e-21
1.632595478624761256e+02 6.027745353019065021e-21
1.630469982814763625e+02 4.592101348152463311e-21
1.628350014226241456e+02 3.475969698373281861e-21
1.626235551327390283e+02 2.614223445414649518e-21
1.624126572698099835e+02 1.953447276094069721e-21
1.622023057029229562e+02 1.450235571515865554e-21
1.619924983121891842e+02 1.069631775917677720e-21
1.617832329886740581e+02 7.837279349352678235e-22
1.615745076343262383e+02 5.704315572836980395e-22
1.613663201619077938e+02 4.123980004191739138e-22
1.611586684949244841e+02 2.961201588719332341e-22
1.609515505675566658e+02 2.111630140782597070e-22
1.607449643245909670e+02 1.495281999292431901e-22
1.605389077213521318e+02 1.051327530964223162e-22
1.603333787236357182e+02 7.338628068154464234e-23
1.601283753076409653e+02 5.085156500302137273e-23
1.599238954599046281e+02 3.497486751957331003e-23
1.597199371772347547e+02 2.387367995628711734e-23
1.595164984666455439e+02 1.617124361555662203e-23
1.593135773452922592e+02 1.086870755771090019e-23
1.591111718404068824e+02 7.247251236245486439e-24
1.589092799892341361e+02 4.793815597053618935e-24
1.587078998389680748e+02 3.145249019841159137e-24
1.585070294466891596e+02 2.046676670697020432e-24
1.583066668793016447e+02 1.320749870433050206e-24
1.581068102134717321e+02 8.451380907305152210e-25
1.579074575355658681e+02 5.362054682454363429e-25
1.577086069415898066e+02 3.372827192723832500e-25
1.575102565371279297e+02 2.103203033077301361e-25
1.573124044372830213e+02 1.300048824945324373e-25
1.571150487666167237e+02 7.965236520815478032e-26
1.569181876590900799e+02 4.836926381694907114e-26
1.567218192580048992e+02 2.911020612533616425e-26
1.565259417159452653e+02 1.736205777100593813e-26
1.563305531947196982e+02 1.026157792693755530e-26
1.561356518653035437e+02 6.009838078672610321e-27
1.559412359077820156e+02 3.487605297656184086e-27
1.557473035112934383e+02 2.005347344799100031e-27
1.555538528739730850e+02 1.142438482904664400e-27
1.553608822028974146e+02 6.448245008095960936e-28
1.551683897140285637e+02 3.605799080625567065e-28
1.549763736321594934e+02 1.997559638280341542e-28
1.547848321908593334e+02 1.096286949949517098e-28
1.545937636324192397e+02 5.960243542247139523e-29
1.544031662077986482e+02 3.210029066117849054e-29
1.542130381765718425e+02 1.712576143407975432e-29
1.540233778068750894e+02 9.050619874240625831e-30
1.538341833753539163e+02 4.737906944446636931e-30
1.536454531671110146e+02 2.456786439292919408e-30
1.534571854756544269e+02 1.261869592896959957e-30
1.532693786028460181e+02 6.419804393526284577e-31
1.530820308588505441e+02 3.235071866729611113e-31
1.528951405620848902e+02 1.614715127616806448e-31
1.527087060391677085e+02 7.982762118735368012e-32
1.525227256248696222e+02 3.908873253958057410e-32
1.523371976620635166e+02 1.895777232830718055e-32
1.521521205016754266e+02 9.106612161246486145e-33
1.519674925026355652e+02 4.332683888914363397e-33
1.517833120318298938e+02 2.041666789721504090e-33
1.515995774640519471e+02 9.528789609141503966e-34
1.514162871819550560e+02 4.404667853386911775e-34
1.512334395760047983e+02 2.016549506625459656e-34
1.510510330444320175e+02 9.143718327284791632e-35
1.508690659931860125e+02 4.106323082807387806e-35
1.506875368358879541e+02 1.826408731407355010e-35
1.505064439937850693e+02 8.045551324727635248e-36
1.503257858957045698e+02 3.510145715762317808e-36
1.501455609780084330e+02 1.516717242931998008e-36
1.499657676845482399e+02 6.490721779417756849e-37
1.497864044666202687e+02 2.750990563300938600e-37
1.496074697829211573e+02 1.154760392674005330e-37
1.494289620995037637e+02 4.800653339199383876e-38
1.492508798897331701e+02 1.976576329058067066e-38
1.490732216342434242e+02 8.059920677728628487e-39
1.488959858208940261e+02 3.255000777492488554e-39
1.487191709447272956e+02 1.301888677840049929e-39
1.485427755079255974e+02 5.157014490075424533e-40
1.483667980197691065e+02 2.023130843017317064e-40
1.481912369965938581e+02 7.860499048246051635e-41
1.480160909617499669e+02 3.024657792909328498e-41
1.478413584455603313e+02 1.152661624317360331e-41
1.476670379852793644e+02 4.350372039324596165e-42
1.474931281250523512e+02 1.626108359656929023e-42
1.473196274158748338e+02 6.019641853198833855e-43
1.471465344155523383e+02 2.206934794528479674e-43
1.469738476886605270e+02 8.013193689860858356e-44
1.468015658065053799e+02 2.881500498132410755e-44
1.466296873470838875e+02 1.026191291027824490e-44
1.464582108950448855e+02 3.619379972850109325e-45
1.462871350416502310e+02 1.264258659854240187e-45
1.461164583847362337e+02 4.373541842362669175e-46
1.459461795286753159e+02 1.498393644679808704e-46
1.457762970843379264e+02 5.084093781452027640e-47
1.456068096690549112e+02 1.708424898082190604e-47
1.454377159065798253e+02 5.685552327464309927e-48
1.452690144270518999e+02 1.873887813457911871e-48
1.451007038669587530e+02 6.116576362695537169e-49
1.449327828690999524e+02 1.977273943300423833e-49
1.447652500825503523e+02 6.330217764776831415e-50
1.445981041626239119e+02 2.007074838060797365e-50
1.444313437708377421e+02 6.302332852266666610e-51
1.442649675748763514e+02 1.959890044479929704e-51
1.440989742485562033e+02 6.036072196729068081e-52
1.439333624717903888e+02 1.841065505547607183e-52
1.437681309305537525e+02 5.561294597422027523e-53
1.436032783168480194e+02 1.663696699543690480e-53
1.434388033286674045e+02 4.929055966113164781e-54
1.432747046699642226e+02 1.446253526011207068e-54
1.431109810506149245e+02 4.202579568316603095e-55
1.429476311863862463e+02 1.209422475211287363e-55
1.427846537989016156e+02 3.446913964445667146e-56
1.426220476156078689e+02 9.729105439535354592e-57
1.424598113697420843e+02 2.719600877595083291e-57
1.422979438002986683e+02 7.528820908627680061e-58
1.421364436519967569e+02 2.064134651410335257e-58
1.419753096752476154e+02 5.604515531851797558e-59
1.418145406261226356e+02 1.507047189767752802e-59
1.416541352663211342e+02 4.013322615820450478e-60
1.414940923631386340e+02 1.058447841590342024e-60
1.413344106894353160e+02 2.764539106890296945e-61
1.411750890236045564e+02 7.150947945167449565e-62
1.410161261495419183e+02 1.831858022280290872e-62
1.408575208566140304e+02 4.647367640350904222e-63
1.406992719396280620e+02 1.167640041908707016e-63
1.405413781988009703e+02 2.905342684054611705e-64
1.403838384397294305e+02 7.159321809197638187e-65
1.402266514733594533e+02 1.747158220621866680e-65
1.400698161159567121e+02 4.222582212808601082e-66
1.399133311890766436e+02 1.010669615544389475e-66
1.397571955195349744e+02 2.395660160092687219e-67
1.396014079393785323e+02 5.623747368319274828e-68
1.394459672858559713e+02 1.307406587903652665e-68
1.392908724013888957e+02 3.010090053268832170e-69
1.391361221335430969e+02 6.863283506976093788e-70
1.389817153350001320e+02 1.549771587969855454e-70
1.388276508635287598e+02 3.465663782219865303e-71
1.386739275819569457e+02 7.675166543078366791e-72
1.385205443581438658e+02 1.683338679312428949e-72
1.383675000649520257e+02 3.656260889646999501e-73
1.382147935802196628e+02 7.864742244854986080e-74
1.380624237867334614e+02 1.675379181254492373e-74
1.379103895722011259e+02 3.534456963526251597e-75
1.377586898292244086e+02 7.384360688707112011e-76
1.376073234552721942e+02 1.527859367339704412e-76
1.374562893526538687e+02 3.130644764241837256e-77
1.373055864284926031e+02 6.352779522909600450e-78
1.371552135946992337e+02 1.276653409939684603e-78
1.370051697679458300e+02 2.540745238010064314e-79
1.368554538696398879e+02 5.007578479429549201e-80
1.367060648258983520e+02 9.774005743401132379e-81
1.365570015675220077e+02 1.889275289082483751e-81
1.364082630299699019e+02 3.616557495930545636e-82
1.362598481533341328e+02 6.856028667564243174e-83
1.361117558823144691e+02 1.287142536049073104e-83
1.359639851661935666e+02 2.393079201541777361e-84
1.358165349588119568e+02 4.406193431858792816e-85
1.356694042185434057e+02 8.034257498062633777e-86
1.355225919082703854e+02 1.450785749609128711e-86
1.353760969953597737e+02 2.594393254541647209e-87
1.352299184516384969e+02 4.594549852618786030e-88
1.350840552533696268e+02 8.057947090451964081e-89
1.349385063812283647e+02 1.399522168752129711e-89
1.347932708202783658e+02 2.407180889032184037e-90
1.346483475599481494e+02 4.100255240977003640e-91
1.345037355940075940e+02 6.916492761608150429e-92
1.343594339205447170e+02 1.155402967456739940e-92
1.342154415419425391e+02 1.911407112082048749e-93
1.340717574648560060e+02 3.131444612645912676e-94
1.339283807001893081e+02 5.080515038694591369e-95
1.337853102630729722e+02 8.162851032448871338e-96
1.336425451728414941e+02 1.298813452284625054e-96
1.335000844530108566e+02 2.046548865527755863e-97
1.333579271312562469e+02 3.193504631678839808e-98
1.332160722393899732e+02 4.934949718058338862e-99
1.330745188133394663e+02 7.552092914861563267e-100
1.329332658931254514e+02 1.144513686436209887e-100
1.327923125228402341e+02 1.717684490312816156e-101
1.326516577506261569e+02 2.552902344791753236e-102
1.325113006286541406e+02 3.757448897271635823e-103
1.323712402131024248e+02 5.476709510552803790e-104
1.322314755641353656e+02 7.905216075273868140e-105
1.320920057458825170e+02 1.129990713169254374e-105
1.319528298264175987e+02 1.599568233001151644e-106
1.318139468777378625e+02 2.242317536290874706e-107
1.316753559757434289e+02 3.112845632488136542e-108
1.315370562002166821e+02 4.279409707773880916e-109
1.313990466348021187e+02 5.826069344674826081e-110
1.312613263669859407e+02 7.854754565028704112e-111
1.311238944880759902e+02 1.048707728676715960e-111
1.309867500931817403e+02 1.386567101575577899e-112
1.308498922811945135e+02 1.815480486647801251e-113
1.307133201547676720e+02 2.353998865399986212e-114
1.305770328202970347e+02 3.022627195417579361e-115
1.304410293879013523e+02 3.843494813243697300e-116
1.303053089714030079e+02 4.839841046843221795e-117
1.301698706883086629e+02 6.035297650920395303e-118
1.300347136597902988e+02 7.452960134971961165e-119
1.298998370106659763e+02 9.114254023141259750e-120
1.297652398693811620e+02 1.103761913045883956e-120
1.296309213679898846e+02 1.323705418179257941e-121
1.294968806421359773e+02 1.572058420579554130e-122
1.293631168310346595e+02 1.848873237204319676e-123
1.292296290774540921e+02 2.153309427906013366e-124
1.290964165276970448e+02 2.483512400028628573e-125
1.289634783315826496e+02 2.836524541570139873e-126
1.288308136424284100e+02 3.208239782289442381e-127
1.286984216170321247e+02 3.593411047448904757e-128
1.285663014156541522e+02 3.985717631660556451e-129
1.284344522019995338e+02 4.377896159299744473e-130
1.283028731432003724e+02 4.761934698118099752e-131
1.281715634097983525e+02 5.129325038282567036e-132
1.280405221757272898e+02 5.471363504734536314e-133
1.279097486182957368e+02 5.779486349551544459e-134
1.277792419181698875e+02 6.045622194184223985e-135
1.276490012593563534e+02 6.262541542136613949e-136
1.275190258291852530e+02 6.424182361354301195e-137
1.273893148182932151e+02 6.525931320698379320e-138
1.272598674206066534e+02 6.564842486701261315e-139
1.271306828333250252e+02 6.539779015734879697e-140
1.270017602569042765e+02 6.451468331601833048e-141
1.268730988950403002e+02 6.302467051361641528e-142
1.267446979546525938e+02 6.097038019479889536e-143
1.266165566458678455e+02 5.840947704019592124e-144
1.264886741820039333e+02 5.541197392351846078e-145
1.263610497795536673e+02 5.205705665229669771e-146
1.262336826581688314e+02 4.842962213717054598e-147
1.261065720406442949e+02 4.461674026830973810e-148
1.259797171529022251e+02 4.070424312341199833e-149
1.258531172239763123e+02 3.677362365223951611e-150
1.257267714859961671e+02 3.289939243139208274e-151
1.256006791741718445e+02 2.914699914661097296e-152
1.254748395267783820e+02 2.557137930872586623e-153
1.253492517851404386e+02 2.221614054149470298e-154
1.252239151936170600e+02 1.911336039089485405e-155
1.250988289995865728e+02 1.628393205372409222e-156
1.249739924534314355e+02 1.373836780046258488e-157
1.248494048085233175e+02 1.147795320749021992e-158
1.247250653212082341e+02 9.496138621383436451e-160
1.246009732507916681e+02 7.780056668573054427e-161
1.244771278595239750e+02 6.312064534081879293e-162
1.243535284125856322e+02 5.071225178368272315e-163
1.242301741780728435e+02 4.034660492292413763e-164
1.241070644269829728e+02 3.178729529618133889e-165
1.239841984332002482e+02 2.480004584749848003e-166
